30
6
5 2 4 6 3 1
6
2 4 8 16 32 64
3
1 1 1
3
200000 200000 200000
200
109953 20472 20310 103410 31194 116686 79759 46646 120986 168429 155748 67344 135693 36203 130702 183658 127464 3206 25612 159816 94170 18218 191821 112938 159423 73912 42371 118487 151352 30291 159442 595 9606 114499 79865 73001 92290 136439 138656 100542 143884 54602 64514 120274 86588 56184 18226 84457 182996 161415 119671 46973 198269 195333 61422 180059 194602 52559 85506 123215 9477 181748 58209 115626 92395 154629 21708 164680 41336 31787 24218 17601 43777 86053 64321 146704 27599 115987 148934 188447 160661 82573 196414 92208 125734 186336 183584 86400 51483 24399 126915 175124 104412 98367 41274 172620 186659 172012 87437 40504 24193 111041 51845 47864 98405 57221 175236 57836 153703 63318 108793 46167 195043 22374 58495 68693 152844 104087 25907 82301 164658 35288 160003 155839 161561 126936 152234 162995 56240 9387 72798 12506 156599 118485 50613 24304 123684 56147 159119 168557 126660 90078 120607 138375 67137 64539 148717 40240 69618 191090 155629 41719 20867 4066 8120 134171 122234 94401 108619 24357 180226 31442 190786 12547 68715 164168 29973 68680 172872 19711 3873 194356 122543 79474 186126 197301 48734 118319 57161 59000 91511 192150 117698 5597 136265 104561 80203 132543 195658 75812 97929 196381 6758 55418 194200 133270 99995 167373 7878 19411
200
33310 111622 199116 105939 7798 129927 180710 102548 165232 41228 134414 143949 80992 94383 171589 65768 107861 63505 5711 45180 22239 115036 96497 198059 167428 36623 138785 182890 10392 10874 44731 94234 197686 79228 45650 109299 3969 165928 45681 147229 58326 158187 13890 29274 182556 48145 18693 20270 107195 54101 115704 79956 101998 69324 67779 152596 110541 183850 21515 77059 157271 171532 191694 63798 43598 128366 79257 10928 101054 139196 175876 29816 94214 75102 33514 146673 110889 68247 158659 105612 67110 81131 166648 128758 124454 92025 41637 93441 126468 22307 151112 184583 164579 199707 54583 104903 94240 88932 56076 120329 143516 181636 114225 69662 105071 28285 6052 68592 181248 100237 40503 147631 12140 196464 114636 189457 185435 11313 188649 20349 75174 5337 93654 29297 119657 83655 92233 48026 198336 157682 174127 46975 162776 97716 64739 125525 143759 177830 117276 110033 76548 14255 103277 57462 60314 185149 18650 126624 140940 157515 178357 110041 75263 147262 85950 198813 159004 198986 139179 172798 82841 118641 147894 187807 95289 143576 185764 165321 5898 32361 25081 70491 143584 30346 120902 119297 80614 105886 108227 177246 61308 38672 83324 76247 98534 176241 33953 162144 80859 80012 15257 62490 2055 159495 6485 185692 142737 96003 19962 172040
200
85100 55200 60490 18400 74980 70380 14030 12650 129500 84000 92050 28000 114100 107100 21350 19250 144300 93600 102570 31200 127140 119340 23790 21450 129500 84000 92050 28000 114100 107100 21350 19250 82880 53760 58912 17920 73024 68544 13664 12320 157990 102480 112301 34160 139202 130662 26047 23485 46250 30000 32875 10000 40750 38250 7625 6875 160580 104160 114142 34720 141484 132804 26474 23870 230 350 390 350 224 427 125 434 370 240 263 80 326 306 61 55 92153 108010 141111 122692 71086 127089 154572 133561 161178 126233 182904 190165 143316 70280 175567 42868 160641 68422 99915 50054 48535 153228 132085 128384 193560 50762 21463 38551 134236 66119 14668 99410 123538 37737 111558 12648 115471 92155 90274 111826 24679 143784 6250 166528 179930 123953 69076 80922 186588 126046 191230 132786 76220 89152 137232 149578 3582 154666 182984 11677 96189 140343 147912 125639 134785 7100 2648 149052 100924 69677 142075 101972 94334 108321 100434 49330 162587 123913 5835 173514 184945 188856 119776 47534 30900 59680 16899 135525 41675 56777 16240 169606 144104 18935 62047 117314 185597 15528 84028 77901 111109 17169 95246 89610 82834 175896 93442 63711 11204 51139 28077 9568 125865 40791 33871 110123 13075 92827 196071 13889
200
162979 125177 57808 162344 168038 172038 61097 4236 76808 187109 136097 90802 65512 122232 34134 89469 169978 59377 96870 114664 99093 195394 93948 8887 103698 146385 153285 74560 198729 110738 173753 88480 196487 182028 29185 165962 93415 138056 16138 170893 149779 152912 48087 175929 139503 30510 163719 193760 79872 30689 105701 129829 109454 160678 103647 103158 58485 90881 159081 57336 159137 55352 149276 164999 168804 154370 183547 27482 50421 39737 18181 28052 196834 33952 156701 138416 109186 15837 191060 95898 42432 48300 154486 137417 133250 90239 98138 15977 91175 35469 82450 91282 33059 153625 45318 40781 124762 2966 124850 8824 104159 23965 192896 121791 98882 27278 71012 14817 199437 174011 26638 119542 49523 60592 75256 132815 137302 56108 25726 23859 146 93918 99129 19901 19039 165345 159083 57895 48703 70260 182200 163448 130845 90546 187681 124443 70346 134693 24994 74620 109065 39006 175003 135960 31660 63323 68333 161462 142550 140571 33654 90304 114148 101664 30498 99780 191103 191173 66063 96718 199487 3887 109420 130828 7568 73563 175188 153289 92181 22868 172446 56558 145921 134428 96581 113606 23275 55584 109296 42941 107137 173284 168552 44265 16000 132313 142223 154264 12273 101184 134875 98045 139573 83343 40027 90992 134733 119900 115335 135347
200
0 0 0 0 0 0 0 0 0 0 0 0 0 0 0 0 0 0 0 0 0 0 0 0 0 0 0 0 0 0 0 0 0 0 0 0 0 0 0 0 0 0 0 0 0 0 0 0 0 0 0 0 0 0 0 0 0 0 0 0 0 0 0 0 0 0 0 0 0 0 0 0 0 0 0 0 0 0 0 0 0 0 0 0 0 0 0 0 0 0 0 0 0 0 0 0 0 0 0 0 127135 10928 79465 45265 4986 128289 116265 146161 79856 155060 80759 37189 182636 165775 75760 169342 86476 196020 185250 187322 162913 179602 156545 119330 112933 189294 52858 80108 120761 146914 60883 147889 1519 83298 81464 152806 174711 23301 106328 140834 88991 14188 25345 86994 149164 136291 184323 19514 77010 149456 35394 111760 103559 27128 195829 61287 32636 82643 68388 159464 185560 129717 166510 157747 101282 108844 167842 5786 126701 132009 33868 79609 99211 29834 4456 44847 128706 169012 164704 100741 55824 10738 9459 46379 130912 109531 187576 59544 134424 173445 65044 23609 31869 188885 187071 39075 108914 87666 141103 176583
200
17543 98307 82750 100955 139020 75799 36410 79109 37072 58918 119160 58587 15888 6095 34155 28750 35075 48300 26335 12650 27485 12880 20470 41400 20355 5520 18656 104544 88000 107360 147840 80608 38720 84128 39424 62656 126720 62304 16896 17649 98901 83250 101565 139860 76257 36630 79587 37296 59274 119880 58941 15984 21412 119988 101000 123220 169680 92516 44440 96556 45248 71912 145440 71508 19392 3975 22275 18750 22875 31500 17175 8250 17925 8400 13350 27000 13275 3600 9063 50787 42750 52155 71820 39159 18810 40869 19152 30438 61560 30267 8208 19451 108999 91750 111935 154140 84043 40370 87713 41104 65326 132120 64959 17616 5724 32076 27000 32940 45360 24732 11880 25812 12096 19224 38880 19116 5184 9434 52866 44500 54290 74760 40762 19580 42542 19936 31684 64080 31506 8544 9116 51084 43000 52460 72240 39388 18920 41108 19264 30616 61920 30444 8256 7049 39501 33250 40565 55860 30457 14630 31787 14896 23674 47880 23541 6384 7473 41877 35250 43005 59220 32289 15510 33699 15792 25098 50760 24957 6768 331 115 352 333 404 75 171 367 108 178 172 133 141 53 297 250 305 420 229 110 239 112 178 360 177 48 80723 170671 53745 169457 55833
200
0 0 0 0 0 0 0 0 0 0 0 0 0 0 0 0 0 0 0 0 0 0 0 0 0 0 0 0 0 0 0 0 0 0 0 0 0 0 0 0 0 0 0 0 0 0 0 0 0 0 0 0 0 0 0 0 0 0 0 0 0 0 0 0 0 0 0 0 0 0 0 0 0 0 0 0 0 0 0 0 0 0 0 0 0 0 0 0 0 0 0 0 0 0 0 0 0 0 0 0 199433 49438 77242 141669 70018 77211 140192 54052 62989 72074 198642 58300 199770 70929 15953 43750 8273 102664 188744 107434 186224 46813 113400 121186 83454 48799 161558 64404 185589 40268 9264 71704 8839 132475 114598 101224 44304 2730 87164 129231 196497 115808 1728 16855 163749 127667 58443 14258 166904 173037 186725 74769 125089 33543 127239 20888 76178 176278 142137 92526 161118 65422 30025 59845 53533 16458 31646 190948 39401 163904 18685 13534 162083 23469 24298 76865 192321 172575 36593 136312 118241 147922 68969 79871 177491 20978 171487 121365 32228 131160 73897 54761 90276 16320 98528 155966 179630 148860 62031 56409
200
18700 18150 24090 7535 55 19250 4235 17105 15895 16280 7150 11990 96220 93390 123954 38771 283 99050 21791 88013 81787 83768 36790 61694 26520 25740 34164 10686 78 27300 6006 24258 22542 23088 10140 17004 29920 29040 38544 12056 88 30800 6776 27368 25432 26048 11440 19184 121720 118140 156804 49046 358 125300 27566 111338 103462 105968 46540 78044 80240 77880 103368 32332 236 82600 18172 73396 68204 69856 30680 51448 107100 103950 137970 43155 315 110250 24255 97965 91035 93240 40950 68670 32980 32010 42486 13289 97 33950 7469 30167 28033 28712 12610 21146 23800 23100 30660 9590 70 24500 5390 21770 20230 20720 9100 15260 128860 125070 166002 51923 379 132650 29183 117869 109531 112184 49270 82622 125460 121770 161622 50553 369 129150 28413 114759 106641 109224 47970 80442 122400 118800 157680 49320 360 126000 27720 111960 104040 106560 46800 78480 55 283 78 88 358 236 315 97 70 379 369 360 340 330 438 137 1 350 77 311 289 296 130 218 50417 72061 105636 181025 94489 186015 142430 146710 24489 137785 105476 163340 79872 129297 143929 94073 171162 94147 172386 174549 54919 51006 43755 152040 88583 153938 111247 177156 38153 53590 125852 199171
200
96075 132370 107055 77470 112240 125050 32635 100650 47885 108885 39690 54684 44226 32004 46368 51660 13482 41580 19782 44982 101430 139748 113022 81788 118496 132020 34454 106260 50554 114954 59535 82026 66339 48006 69552 77490 20223 62370 29673 67473 80325 110670 89505 64770 93840 104550 27285 84150 40035 91035 30555 42098 34047 24638 35696 39770 10379 32010 15229 34629 100170 138012 111618 80772 117024 130380 34026 104940 49926 113526 68670 94612 76518 55372 80224 89380 23326 71940 34226 77826 84420 116312 94068 68072 98624 109880 28676 88440 42076 95676 13860 19096 15444 11176 16192 18040 4708 14520 6908 15708 305 126 322 189 255 97 318 218 268 44 315 434 351 254 368 410 107 330 157 357 143144 89822 147659 185310 82501 24326 199717 77512 99070 186151 187908 199329 129975 67139 135993 142927 45551 10457 65339 18272 169820 187636 199072 70760 134636 37777 128870 143741 68559 113235 192402 137899 185804 134911 68764 118425 27391 26867 120186 179885 118045 109382 153611 84268 9108 49777 172926 66428 5904 21452 92829 159934 11906 31944 27137 83292 78961 35275 167693 2701 8479 177280 97706 81272 76340 2274 146420 16345 1639 173734 152309 114516 50130 30785 129446 182312 61309 109805 167168 42756
200
76217 146306 52854 11490 36385 163924 84643 48954 93972 33948 7380 23370 105288 54366 21890 42020 15180 3300 10450 47080 24310 39402 75636 27324 5940 18810 84744 43758 5970 11460 4140 900 2850 12840 6630 30049 57682 20838 4530 14345 64628 33371 83978 161204 58236 12660 40090 180616 93262 383 246 110 198 30 151 422 199 382 138 30 95 428 221 121393 149479 13342 61796 111864 176284 196198 145100 187706 45071 192816 177349 52959 93749 86088 116001 800 115408 181162 160850 106681 41724 45022 3110 45168 69972 65796 194921 32627 49831 121971 134810 125929 183894 22466 167030 113857 9914 170020 168001 136911 85871 173984 153725 30150 99533 82187 123199 198794 166823 40852 22411 179178 192764 29615 159379 129785 11089 81729 176258 88542 7866 177069 112170 124808 63927 166098 107925 46817 83275 91464 95446 48998 121569 141497 157731 81602 163802 176869 22323 154376 162878 149958 128447 94154 193018 158709 173862 86620 111546 57501 93628 173077 152909 149151 199132 122871 57513 84480 93599 180210 165932 58092 124172 176298 91780 4415 114571 88422 43750 130247 25880 47906 143416 11951 61975 46002 58813 75354 194758 18315 114914 69880 118025 53849 44610 106728 43100 160604 77148 75416 86837 157106 131990 132435 38658 10558
200
0 1 1 1 0 1 1 0 0 1 0 0 0 0 0 1 1 1 0 1 1 1 0 0 0 0 1 1 0 0 1 1 0 1 0 0 0 1 0 0 0 1 0 0 0 1 0 1 0 0 1 1 0 0 1 1 1 0 0 1 1 1 0 0 1 0 1 1 0 0 0 1 0 1 1 1 1 0 1 1 0 1 0 1 1 1 0 1 1 1 1 0 1 1 0 0 1 1 0 1 0 0 0 0 1 1 0 0 1 0 1 1 0 1 1 1 1 0 0 1 0 0 1 0 1 1 0 1 1 1 1 1 0 1 1 0 0 1 1 0 1 1 0 0 0 0 1 0 0 0 0 1 1 1 0 1 0 1 1 1 1 1 1 1 1 1 1 0 0 1 0 0 1 0 0 1 0 0 1 1 1 1 0 1 0 1 0 0 0 1 1 1 0 0 0 1 0 1 1 0
200
19806 141123 89224 13478 150785 2091 106556 31387 61670 189821 42616 138866 107502 117257 9733 61876 135732 173039 37623 81264 146274 43403 30332 79501 138516 192491 129808 26727 46835 111387 171874 124351 113522 65401 118920 120121 2192 2730 119748 18185 199469 124240 5767 102218 95215 58911 132961 182147 76885 10216 121565 51075 21924 130727 103755 79846 173394 172944 107042 155959 109847 179434 50839 90263 53265 184551 162107 165596 186857 31621 197716 3346 104710 132344 179130 19115 127196 141856 104487 117081 197045 31563 37154 11065 186197 68296 24518 107398 5903 32423 111892 163311 152721 8225 23686 99559 163178 37273 189687 60277 59029 173670 170572 134150 27513 37393 154757 36959 38661 101020 39733 168509 124797 90842 66925 41654 79008 180408 137669 112841 164355 168166 193933 39266 20537 121087 82120 126877 89131 185265 26094 39573 191767 104161 142862 131971 1073 120916 131451 187035 183245 4110 168537 194008 96021 199207 49251 198802 134303 3766 150688 131555 159784 19637 76540 17244 184534 66757 89294 181021 126668 110396 122011 55574 51088 182582 177171 100570 114741 154973 187510 63687 129427 45706 20442 88815 30210 197770 162812 69658 39914 95461 24471 177635 136839 114561 63246 179691 46390 75997 68048 190154 90490 95879 143316 110769 84036 60613 50189 121737
200
200000 200000 200000 200000 200000 200000 200000 200000 200000 200000 200000 200000 200000 200000 200000 200000 200000 200000 200000 200000 200000 200000 200000 200000 200000 200000 200000 200000 200000 200000 200000 200000 200000 200000 200000 200000 200000 200000 200000 200000 200000 200000 200000 200000 200000 200000 200000 200000 200000 200000 200000 200000 200000 200000 200000 200000 200000 200000 200000 200000 200000 200000 200000 200000 200000 200000 200000 200000 200000 200000 200000 200000 200000 200000 200000 200000 200000 200000 200000 200000 200000 200000 200000 200000 200000 200000 200000 200000 200000 200000 200000 200000 200000 200000 200000 200000 200000 200000 200000 200000 200000 200000 200000 200000 200000 200000 200000 200000 200000 200000 200000 200000 200000 200000 200000 200000 200000 200000 200000 200000 200000 200000 200000 200000 200000 200000 200000 200000 200000 200000 200000 200000 200000 200000 200000 200000 200000 200000 200000 200000 200000 200000 200000 200000 200000 200000 200000 200000 200000 200000 200000 200000 200000 200000 200000 200000 200000 200000 200000 200000 200000 200000 200000 200000 200000 200000 200000 200000 200000 200000 200000 200000 200000 200000 200000 200000 200000 200000 200000 200000 200000 200000 200000 200000 200000 200000 200000 200000 200000 200000 200000 200000 200000 200000 200000 200000 200000 200000 200000 200000
200
131073 131073 65537 65537 131073 65537 65537 65537 131073 65537 131073 65537 65537 65537 131073 131073 131073 131073 65537 65537 65537 65537 131073 65537 65537 65537 131073 131073 131073 65537 65537 65537 131073 131073 65537 65537 65537 131073 131073 131073 65537 131073 131073 131073 131073 65537 65537 131073 65537 65537 131073 65537 65537 65537 131073 131073 65537 131073 65537 131073 65537 131073 131073 131073 65537 131073 131073 65537 131073 65537 131073 65537 65537 65537 65537 65537 131073 131073 65537 65537 131073 131073 65537 65537 65537 65537 131073 65537 65537 65537 131073 131073 131073 65537 131073 65537 65537 65537 65537 131073 65537 131073 131073 131073 131073 131073 65537 65537 65537 131073 65537 131073 131073 131073 131073 65537 131073 131073 131073 131073 131073 65537 65537 131073 65537 65537 131073 65537 65537 65537 65537 131073 131073 65537 131073 131073 65537 131073 131073 131073 131073 131073 131073 65537 131073 65537 65537 65537 65537 131073 65537 131073 131073 65537 131073 65537 131073 131073 65537 131073 65537 131073 131073 131073 131073 131073 131073 65537 65537 131073 65537 131073 65537 131073 131073 65537 65537 65537 131073 131073 131073 131073 131073 65537 131073 65537 131073 131073 65537 131073 131073 131073 131073 131073 131073 65537 65537 65537 65537 131073
200
56664 9610 146514 53907 91475 166260 123739 27863 52934 81014 47769 199875 124791 77749 157770 182389 86326 41905 140195 78746 85867 76108 160992 9055 165870 96348 138090 81183 100470 175326 111367 151061 38322 16762 118261 189104 182032 147301 15635 133684 72024 112945 57951 64860 68628 145881 57763 8070 22112 195153 167201 181099 81049 42291 10220 150842 31094 164291 124084 7927 65683 150184 63344 132086 104081 108669 105794 38956 24903 143928 90887 138392 32593 55715 160105 65500 154685 80155 94718 123713 1394 179362 186150 146227 179606 33184 79508 67632 10665 93865 128103 33359 90012 153237 46923 121799 120272 94196 107905 66385 6857 179969 132931 36712 157564 54786 102860 95800 78814 37049 183323 190155 30362 22549 172249 2511 34740 176610 35363 95516 72344 140911 72242 81919 119812 57623 22331 181590 193721 283 187213 69891 162771 177828 109518 121729 188173 116736 17576 143277 185746 101959 61595 38086 121621 97817 54828 25272 322 122491 78232 186397 197796 60485 56066 99566 106086 20172 45357 195761 89362 1307 126589 120702 54200 180199 22239 62028 97620 2514 27998 81895 168922 73452 123085 140233 165520 185803 187141 184954 80828 79216 101162 129469 192591 144244 36127 196499 98450 173439 17925 163761 57166 127140 11881 70266 196373 98249 104735 146404
200
1 1 1 1 1 1 1 1 1 1 1 1 1 1 1 1 1 1 1 1 1 1 1 1 1 1 1 1 1 1 1 1 1 1 1 1 1 1 1 1 1 1 1 1 1 1 1 1 1 1 1 1 1 1 1 1 1 1 1 1 1 1 1 1 1 1 1 1 1 1 1 1 1 1 1 1 1 1 1 1 1 1 1 1 1 1 1 1 1 1 1 1 1 1 1 1 1 1 1 1 1 1 1 1 1 1 1 1 1 1 1 1 1 1 1 1 1 1 1 1 1 1 1 1 1 1 1 1 1 1 1 1 1 1 1 1 1 1 1 1 1 1 1 1 1 1 1 1 1 1 1 1 1 1 1 1 1 1 1 1 1 1 1 1 1 1 1 1 1 1 1 1 1 1 1 1 1 1 1 1 1 1 1 1 1 1 1 1 1 1 1 1 1 1 1 1 1 1 1 1
200
108958 96119 101324 131860 10757 36088 56908 67665 145393 76302 67311 70956 92340 7533 25272 39852 47385 101817 122460 108030 113880 148200 12090 40560 63960 76050 163410 17270 15235 16060 20900 1705 5720 9020 10725 23045 71592 63156 66576 86640 7068 23712 37392 44460 95532 99852 88086 92856 120840 9858 33072 52152 62010 133242 81640 72020 75920 98800 8060 27040 42640 50700 108940 102992 90856 95776 124640 10168 34112 53792 63960 137432 113668 100274 105704 137560 11222 37648 59368 70590 151678 347 243 390 55 228 318 260 328 362 314 277 292 380 31 104 164 195 419 144517 179386 105046 23134 85685 60383 63022 91128 154914 165207 100385 42912 185425 45820 28801 156849 108555 116075 79736 56458 42166 83699 133793 155033 180037 85502 136093 102143 168377 71173 111140 196400 17678 79648 129987 179026 140512 118387 73431 175700 88537 36786 83497 67739 129700 117335 161389 153015 60341 80633 22433 119985 99061 127216 168679 25228 94478 71439 99614 109566 28950 32863 182150 25524 175911 182873 21097 134386 194061 183393 44648 148169 109346 26366 127480 18445 125133 190702 21734 95384 148462 116580 168814 44286 86267 187310 85124 188578 13399 40465 3529 78573 45947 181422 169363 101749 81962 151221 31723 94682 655
200
1 0 0 1 1 1 1 1 0 1 0 0 0 0 1 0 0 0 0 1 1 1 0 0 0 0 1 0 0 0 1 1 1 0 0 0 1 0 1 1 0 0 0 0 0 0 0 0 0 0 0 0 1 0 0 1 0 1 1 1 1 1 0 1 0 0 0 1 0 0 0 0 0 0 0 0 1 0 0 0 1 1 1 0 1 0 0 0 1 1 1 0 1 1 1 1 1 1 1 1 0 1 0 0 0 1 0 0 1 1 0 0 1 0 0 1 1 0 0 1 0 0 1 0 0 0 0 1 1 0 1 0 1 1 0 0 1 0 0 0 0 0 1 1 0 1 0 0 1 1 0 1 1 1 1 1 1 1 0 1 0 0 1 1 0 0 1 0 1 0 0 0 0 1 0 1 0 0 0 1 0 1 1 1 0 0 0 0 0 0 1 1 0 1 1 1 0 0 1 0
200
27200 35360 37400 34680 66300 57120 124100 41480 149600 10880 122740 126820 34880 45344 47960 44472 85020 73248 159140 53192 191840 13952 157396 162628 3600 4680 4950 4590 8775 7560 16425 5490 19800 1440 16245 16785 720 936 990 918 1755 1512 3285 1098 3960 288 3249 3357 1520 1976 2090 1938 3705 3192 6935 2318 8360 608 6859 7087 24720 32136 33990 31518 60255 51912 112785 37698 135960 9888 111549 115257 23440 30472 32230 29886 57135 49224 106945 35746 128920 9376 105773 109289 14400 18720 19800 18360 35100 30240 65700 21960 79200 5760 64980 67140 2880 3744 3960 3672 7020 6048 13140 4392 15840 1152 12996 13428 26400 34320 36300 33660 64350 55440 120450 40260 145200 10560 119130 123090 25840 33592 35530 32946 62985 54264 117895 39406 142120 10336 116603 120479 15840 20592 21780 20196 38610 33264 72270 24156 87120 6336 71478 73854 340 436 45 9 19 309 293 180 36 330 323 198 80 104 110 102 195 168 365 122 440 32 361 373 519 61223 161664 75424 120587 104643 197915 114730 163655 10132 61312 118734 78659 39501 91040 100853 100195 31923 93275 101991 71009 99635 36241 3689 184890 153450 42676 109814 39271 56316 44065 195177
200
64595 96811 19700 101698 28839 110911 112762 34352 112000 128328 139674 157047 5641 2992 198193 198175 105944 109279 174900 99383 179939 119341 93408 58175 35541 116794 57170 179715 146608 10709 168411 46196 122912 51026 91753 59538 86577 105958 195884 86649 86343 146299 56492 187467 121242 48009 191815 40082 21455 14712 23299 179201 187124 123430 59000 171454 117923 87535 79392 144477 128110 118484 100537 50162 147227 119371 163580 162821 143562 137030 198345 145216 177192 2786 63821 5770 19792 180902 199434 22629 131627 70849 46787 1199 166063 190903 74578 114330 75191 108682 67380 67765 100970 191885 135255 90585 102640 33338 98175 141947 53973 62503 16550 140900 58819 70057 22651 49285 62544 151449 173094 15828 149804 28045 52885 158456 36608 47531 143886 68493 122317 5646 97627 31355 55143 13424 44557 95524 52896 65842 28526 188508 167446 100181 27545 162937 124285 85938 169797 103082 47761 6125 56915 57933 77937 25742 102154 42546 119472 66307 191901 21846 164660 48835 105390 96344 38988 111810 29330 179384 108836 148612 150847 70165 64878 159440 185029 18386 146978 72493 24111 35845 189160 147557 29312 24909 15603 145638 120654 31213 133416 47130 175539 10196 191879 89619 147613 142619 129775 44295 186141 9238 53467 189375 128395 23005 164461 143863 43645 150675
3
65537 65537 131073
200
0 0 0 0 0 0 0 0 0 0 0 0 0 0 0 0 0 0 0 0 0 0 0 0 0 0 0 0 0 0 0 0 0 0 0 0 0 0 0 0 0 0 0 0 0 0 0 0 0 0 0 0 0 0 0 0 0 0 0 0 0 0 0 0 0 0 0 0 0 0 0 0 0 0 0 0 0 0 0 0 0 0 0 0 0 0 0 0 0 0 0 0 0 0 0 0 0 0 0 0 0 0 0 0 0 0 0 0 0 0 0 0 0 0 0 0 0 0 0 0 0 0 0 0 0 0 0 0 0 0 0 0 0 0 0 0 0 0 0 0 0 0 0 0 0 0 0 0 0 0 0 0 0 0 0 0 0 0 0 0 0 0 0 0 0 0 0 0 0 0 0 0 0 0 0 0 0 0 0 0 0 0 0 0 0 0 0 0 0 0 0 0 0 0 0 0 0 0 0 0
200
2322 5976 5256 5886 1926 7524 4716 32637 83996 73876 82731 27071 105754 66286 47859 123172 108332 121317 39697 155078 97202 8901 22908 20148 22563 7383 28842 18078 35217 90636 79716 89271 29211 114114 71526 36120 92960 81760 91560 29960 117040 73360 53922 138776 122056 136686 44726 174724 109516 18 253 371 69 273 280 418 129 332 292 327 107 418 262 4496 145703 128981 49426 51341 21545 114028 52098 702 48969 185569 147547 182732 117299 98755 106983 95773 17209 169762 64219 35838 160865 887 26324 9917 136960 28076 124911 89874 154571 176531 188114 111696 47778 139088 123336 72457 4186 62697 195918 177899 42648 56915 108549 53273 143390 94219 97384 70030 20748 119496 172989 139448 196420 73204 55320 150930 93268 172410 154688 115843 77606 52958 99251 174686 69799 2578 91161 128589 111744 102120 115833 167515 48897 140585 54229 18242 164178 59742 89539 196326 182967 46597 191431 101342 129429 888 10113 144338 71471 31489 81512 26014 166061 13314 35388 36135 95703 20027 167978 33668 29035 91799 90187 38592 28808 61600 2492 58854 68413 116991 63519 196895 137025 154213 155804 74042 31040 173076 34649 90393 190105 150411 48906 29587 69759 128617 80668 124158 182877 29017 25261 18419 134749 181452 133723 9144
200
34141 47110 58759 107460 144542 88136 19626 1430 83577 157128 141688 75302 6569 6831 123708 111739 83487 49984 113066 132541 42349 162628 87718 150986 87233 167196 5231 136052 67747 117082 158075 114537 195662 153059 128616 153281 125027 157469 197992 179194 193814 159382 33581 61693 3967 176474 181562 146394 9047 181946 160582 126852 169208 102909 108444 2180 123192 124029 71885 78054 4150 4498 944 172120 46380 176499 191996 108077 134151 96586 197679 50352 80291 94850 123129 25268 12456 24356 91120 62862 55482 36261 102798 92865 138815 16686 21346 16386 154370 198318 144068 89847 9082 135296 13704 118122 15135 151752 4756 45718 185681 122997 102734 40463 107513 149898 126038 21088 105077 13541 126222 58181 64994 85066 30162 150125 184847 125734 83546 89245 14616 48083 54352 9820 25324 151436 18844 73950 145605 109097 181285 15002 76466 55641 106342 94301 51834 139717 9765 155217 82244 119957 177174 78909 133894 11946 159653 7950 164038 94658 115558 165345 138082 146241 149312 172239 24294 108194 159490 122864 159981 75615 105858 138858 97266 159157 128897 92767 42612 4245 180256 100322 99500 133704 154052 7395 90542 31451 134502 179060 75851 63490 183935 130224 139434 50404 51400 125603 187791 1017 17852 128550 98975 109158 15621 155079 38911 31654 60789 195752
200
5095 156503 80025 48025 48401 7119 118278 28169 105571 46718 85792 20267 27844 58036 85615 72985 46944 143649 63856 186643 71552 71884 161167 123665 46589 105264 59890 50623 41270 45808 87164 65628 93393 138344 3986 87795 108740 4225 81866 134369 48119 108522 160817 15343 185860 182824 180256 54500 100927 130299 18933 42921 175450 150164 4512 173331 194638 181181 119815 115230 182926 49911 192070 101807 140690 34786 163460 197471 142153 30722 30494 174187 143834 153090 117571 176772 75919 72301 153731 196242 143567 130164 75527 129186 101976 37924 143656 26705 75112 21670 836 137630 38107 99198 157050 82843 22644 115574 77443 150994 44068 77272 72872 92102 32071 42290 64021 132982 126331 63348 174313 30977 123325 111706 187529 52768 7786 179845 1996 43401 9675 193110 14424 12860 84419 187008 134158 165939 162021 83213 121818 56190 95819 79570 97100 174563 44617 79099 91883 62891 70900 80378 126275 14889 183084 59175 65334 81607 105016 78916 4477 78417 61406 189013 119736 121162 68679 94237 53776 12565 147468 190541 183611 167199 133009 92941 15372 22869 124198 50341 88973 95105 51072 10040 93428 164308 48861 146781 170676 75351 124610 27909 146357 166490 78860 198645 118761 164169 133355 38415 96607 109684 78296 117072 148213 1898 147193 45649 154491 120016
200
174785 70170 193513 167080 194149 122667 73153 198488 157075 143520 53901 12828 113637 21193 134662 162130 108614 129373 81490 4963 65356 92130 99051 122984 159501 85452 29764 90113 159516 20638 3843 134010 9964 12684 26811 169083 129672 180936 162952 59605 61531 172587 20742 135293 118308 131872 195446 88699 67960 2151 108651 120334 46204 85230 32899 98864 182717 58590 92956 127415 196208 29073 6796 56454 74190 110176 96878 180364 152564 114188 173083 83385 49179 158068 95510 37466 81844 33030 22570 107160 188001 38578 45047 32169 137732 79651 110247 144414 138361 170475 100884 88039 112091 82433 26859 110713 26523 58110 76289 120669 191084 132870 24030 145764 130825 84521 162928 109342 48096 117749 192379 175786 21306 45722 100012 38581 36796 159189 163304 110807 80673 92948 170120 92026 186641 179403 54798 13791 48781 188859 117327 35128 99024 171038 92816 81193 20108 13604 84201 165614 1803 58122 115482 1055 2902 149396 75889 52332 153898 135749 35174 106554 103085 22911 54662 30592 132730 68962 77971 66812 145594 98510 60357 44239 124372 45539 111976 127085 118652 100091 73984 127795 45271 35493 54759 116010 37827 89616 147189 45954 19065 41332 13454 11782 104608 147300 28047 107857 74070 58178 193260 27218 61718 120352 158502 45615 64648 96526 39629 100649
