30
6
5 2 4 6 3 1
6
2 4 8 16 32 64
3
1 1 1
3
200000 200000 200000
200
183497 186484 140789 84541 1236 32488 31303 83895 125024 14001 184460 109311 69517 1349 149509 183395 182960 46169 153032 142320 198199 166413 14567 98100 18643 68249 5489 14173 9206 125062 198270 150640 104456 118403 73630 26183 83352 181567 189572 18244 71462 91178 22329 100486 143028 91826 19966 126537 57359 66734 186500 191208 29850 130390 189288 46785 136116 52957 164060 132150 147409 4242 172947 146145 111547 53863 83696 50336 67089 89283 13679 55108 18516 163227 41817 136113 68849 70332 169858 163897 15158 15916 73006 52179 154063 180479 71439 75438 26749 115555 1100 191000 141924 91980 173032 19803 153944 30968 143503 180404 10552 145442 128809 72207 177200 132524 141195 96776 80861 3543 26002 140870 143541 126549 131073 109973 109263 186313 191531 3866 67517 99894 176358 48378 70728 66393 144964 47564 20772 124699 131899 112956 116669 159092 178267 118418 140953 92815 158765 181580 148994 98272 182603 103683 142589 198012 101806 53481 194034 69226 47685 63710 95809 103889 148991 102479 156714 92482 174753 45273 179806 183169 141061 19701 164434 128713 138366 54869 85185 17324 54498 183539 128769 86068 55267 154638 72313 99878 100693 195109 33454 124769 39206 109672 103238 98387 198116 103370 185624 159647 132116 96014 193877 14151 140604 57324 198643 53755 27426 77221
3
65537 65537 131073
200
115578 82763 183664 96361 150526 33371 6495 9155 64745 34860 155879 172808 166682 93446 69577 21604 147824 66668 111288 74365 178002 135219 171154 174457 128512 46725 26609 58530 51442 105844 50320 55193 172419 30859 114270 82774 24074 21266 172744 853 65690 168326 108593 78374 44774 35647 124656 190569 197240 38408 82780 21043 134912 82348 82513 162931 167441 50528 72622 185900 50889 134809 96570 61128 32293 131601 159389 132324 192651 35397 111568 47685 71055 55633 90402 186734 86196 39004 134369 145520 96801 168059 107048 83342 19643 37551 155306 142985 35406 2649 175023 9268 113242 163097 131063 149338 113465 188693 105279 186696 59408 87127 74804 192320 153958 49280 91895 26272 26994 102886 64787 95635 110898 132045 62754 139152 181504 59311 104779 126853 140205 159843 183258 11347 137513 85883 70395 84434 173191 57336 158109 145823 166929 19987 65838 185160 190400 12541 69784 16685 23872 55604 71215 889 199479 55029 87467 157606 194637 43874 40866 164581 182183 163922 183814 113790 56533 179597 150659 111217 19429 175742 24117 172601 31604 104092 64418 135672 94667 42487 160426 55083 129967 47167 74423 93757 85596 143382 30684 42521 152433 173972 143985 14417 71228 90028 153459 77678 132872 185579 133535 97104 57971 173736 190056 106892 70102 174326 195395 61710
200
164241 113755 151621 128520 104223 16025 21158 18816 159755 179199 173752 10662 15808 169926 65856 61075 156045 66391 153017 47398 13046 11729 36757 171554 147492 191721 57076 313 105836 7455 31733 162320 150266 129940 129138 139499 62823 122841 42201 65575 14978 113330 133011 171790 146514 37881 30859 181314 156858 186823 35303 27490 179197 115538 161681 82691 180081 76045 147704 41325 178717 103857 130545 136919 14051 78369 154198 160051 15952 47523 109075 6369 6928 45801 18450 192876 130739 69909 85468 80022 140641 26630 139011 100057 193107 86793 140922 108157 7168 23338 163993 104745 63560 180353 127063 165327 62773 159003 181112 192272 87274 19019 28848 21005 136289 7910 139850 40715 47386 138286 75699 925 149356 77808 144414 5213 154885 67442 36797 195655 161629 13161 71923 72212 156834 53308 149007 192623 80152 179689 35826 7868 42661 91007 77153 78020 20625 168602 176391 169141 90849 186971 78809 8709 62663 199032 9987 113608 199880 51046 52409 9621 117637 23443 93476 119810 154093 49122 141575 118975 57834 21592 61665 125021 173032 50299 60085 143995 170368 170218 37599 23784 55122 134155 51879 12492 148737 158522 107715 68105 143304 91393 5496 41183 36914 68669 120619 50215 190883 54023 26347 44041 79342 168847 83477 82120 144364 138185 185634 60499
200
200000 200000 200000 200000 200000 200000 200000 200000 200000 200000 200000 200000 200000 200000 200000 200000 200000 200000 200000 200000 200000 200000 200000 200000 200000 200000 200000 200000 200000 200000 200000 200000 200000 200000 200000 200000 200000 200000 200000 200000 200000 200000 200000 200000 200000 200000 200000 200000 200000 200000 200000 200000 200000 200000 200000 200000 200000 200000 200000 200000 200000 200000 200000 200000 200000 200000 200000 200000 200000 200000 200000 200000 200000 200000 200000 200000 200000 200000 200000 200000 200000 200000 200000 200000 200000 200000 200000 200000 200000 200000 200000 200000 200000 200000 200000 200000 200000 200000 200000 200000 200000 200000 200000 200000 200000 200000 200000 200000 200000 200000 200000 200000 200000 200000 200000 200000 200000 200000 200000 200000 200000 200000 200000 200000 200000 200000 200000 200000 200000 200000 200000 200000 200000 200000 200000 200000 200000 200000 200000 200000 200000 200000 200000 200000 200000 200000 200000 200000 200000 200000 200000 200000 200000 200000 200000 200000 200000 200000 200000 200000 200000 200000 200000 200000 200000 200000 200000 200000 200000 200000 200000 200000 200000 200000 200000 200000 200000 200000 200000 200000 200000 200000 200000 200000 200000 200000 200000 200000 200000 200000 200000 200000 200000 200000 200000 200000 200000 200000 200000 200000
200
49720 31930 41590 52702 70960 117230 154130 77359 153070 29147 28880 65133 36939 28767 77669 56818 42069 96129 120725 198363 144856 13407 52682 25109 32011 9051 86938 115418 4672 184167 194399 188162 186432 1955 105715 138671 168685 156484 14039 181145 71915 93645 54914 61502 56746 86050 141670 129359 56579 191904 168704 119682 73676 146312 1558 45442 178402 65468 152784 121073 168723 35964 45209 111987 113302 90055 122948 8423 193577 30621 52422 122505 151208 105152 31010 1407 147342 12276 21826 122082 169388 2519 8458 13836 199392 51180 95425 77143 42892 12730 22227 83922 123175 83151 179695 44664 130719 141216 84293 186403 99411 161235 104155 117603 45429 68180 108686 62699 116475 13463 15036 73452 156035 31465 64858 150895 79812 186443 171266 139545 17961 69941 190834 162248 25501 101523 57539 27463 30474 44066 22396 112317 96330 779 70679 171652 1551 101355 36140 35515 54725 41624 37661 146056 6577 140518 122999 96412 48996 120043 29812 90676 22898 183982 160331 137411 2341 127073 102181 83331 144303 138390 54080 52126 149879 54694 19035 134387 156114 26420 108074 120726 93691 134772 147912 43368 137786 127948 175142 14968 199575 79866 48483 48624 11473 18899 31005 186702 182364 197432 1391 37619 148814 106310 113561 58107 129984 4693 166897 98897
200
0 0 0 0 0 0 0 0 0 0 0 0 0 0 0 0 0 0 0 0 0 0 0 0 0 0 0 0 0 0 0 0 0 0 0 0 0 0 0 0 0 0 0 0 0 0 0 0 0 0 0 0 0 0 0 0 0 0 0 0 0 0 0 0 0 0 0 0 0 0 0 0 0 0 0 0 0 0 0 0 0 0 0 0 0 0 0 0 0 0 0 0 0 0 0 0 0 0 0 0 118312 139356 170515 150961 118178 184064 174783 29097 51977 166235 48148 87366 102793 176627 120593 111260 124651 76682 43698 69165 12436 126093 97701 55873 126771 50699 162358 9273 21423 165810 197847 180882 99032 22784 138871 105403 21220 49462 179876 32309 151022 153048 187603 145567 189042 187033 146947 83438 72579 49612 98236 63723 146405 139903 101997 27039 30979 183106 51917 189172 90445 183088 156397 190039 191408 73194 181458 176247 4521 79553 152493 37654 38555 178224 128827 146127 101348 40026 195440 5152 134904 2598 77402 83644 187701 105974 47777 75807 169016 76810 97254 105017 137052 48414 9744 27209 172474 191655 173315 3989
200
95427 18953 162332 162749 119191 71094 81878 83307 35357 179319 8392 160836 117391 162435 49556 12452 119250 18778 25737 155198 89624 62312 22916 170410 156508 113931 149192 44697 85677 165724 58866 190789 171046 98617 104435 44538 162343 27992 175737 90854 88357 188460 132449 30665 2885 23086 62024 61121 176558 69281 137125 15760 176112 95662 95668 157338 97381 198319 142903 194347 150039 188734 124620 89683 118279 76205 152234 130025 127372 84026 119576 127064 153908 84006 32527 187018 22937 54541 15766 164691 188982 177635 166540 180620 122112 5521 85085 175126 10107 136962 198077 42899 160032 99211 131252 68836 147039 136214 177905 40209 150688 99140 49727 143338 123020 179522 29607 34881 51679 37146 26755 22792 139948 58658 2536 61439 79256 128186 138386 157253 114102 92929 105063 157737 190713 11390 60340 98783 181301 75233 32953 82168 84412 33990 178102 16928 2659 192565 173385 44967 182893 163745 1602 176661 177763 34921 175515 102735 129099 61521 171457 144822 97545 153121 30243 157093 13760 129589 173625 191968 4862 37684 135242 13340 90894 98594 139197 106264 65349 142425 95252 164393 132873 5770 66690 5674 179178 171268 103249 185869 114056 96100 117351 149376 108643 148184 107311 188805 33990 155513 190038 153477 71677 137178 91044 157746 191965 192818 81823 86689
200
105056 157584 139944 45472 168952 116032 143080 76832 174832 144256 54880 141512 106396 159594 141729 46052 171107 117512 144905 77812 177062 146096 55580 143317 3216 4824 4284 1392 5172 3552 4380 2352 5352 4416 1680 4332 73968 110952 98532 32016 118956 81696 100740 54096 123096 101568 38640 99636 112560 168840 149940 48720 181020 124320 153300 82320 187320 154560 58800 151620 21440 32160 28560 9280 34480 23680 29200 15680 35680 29440 11200 28880 86296 129444 114954 37352 138782 95312 117530 63112 143612 118496 45080 116242 54404 81606 72471 23548 87493 60088 74095 39788 90538 74704 28420 73283 118188 177282 157437 51156 190071 130536 160965 86436 196686 162288 61740 159201 81204 121806 108171 35148 130593 89688 110595 59388 135138 111504 42420 109383 804 1206 1071 348 1293 888 1095 588 1338 1104 420 1083 6700 10050 8925 2900 10775 7400 9125 4900 11150 9200 3500 9025 392 397 12 276 420 80 322 203 441 303 3 25 268 402 357 116 431 296 365 196 446 368 140 361 190274 168639 172261 42276 60277 194989 37687 76737 677 15339 169365 16768 80053 100663 14296 81083 175687 130935 48989 23480 82333 139229 29622 49093 198296 14771 81292 57107 10417 72924 132955 135899
200
82650 90915 8265 72105 6840 33630 19095 41325 73080 80388 7308 63756 6048 29736 16884 36540 38860 42746 3886 33902 3216 15812 8978 19430 16530 18183 1653 14421 1368 6726 3819 8265 53650 59015 5365 46805 4440 21830 12395 26825 74530 81983 7453 65021 6168 30326 17219 37265 118610 130471 11861 103477 9816 48262 27403 59305 79750 87725 7975 69575 6600 32450 18425 39875 285 252 134 57 185 257 409 275 290 319 29 253 24 118 67 145 11752 119866 154933 152123 69324 103380 173656 112650 162453 52689 131505 156550 35488 193787 40362 152988 10941 86208 61362 102358 167197 53814 32737 160593 85066 140819 123634 191744 44893 50193 167109 128666 162879 183070 71023 10134 17042 86828 140402 62446 5385 151503 174615 64918 41862 154618 28128 28612 161667 191828 13210 122846 4603 58424 33249 61594 95369 162803 154699 121459 92788 153543 25533 61430 171081 120102 36559 169407 70458 13645 44821 183977 185979 105442 86245 123901 163016 62100 33292 163907 159701 123502 187178 144488 2156 31954 84848 62240 97659 125399 33305 171143 155980 104041 60361 108754 43115 66182 82003 120904 50904 154366 34857 164677 45512 11578 80651 31100 63398 96153 51605 32528 146126 190815 86892 161392 44685 17004 132190 4639
200
17520 33069 88695 84753 53217 41610 56721 12045 76650 42267 13578 97017 92199 6800 12835 34425 32895 20655 16150 22015 4675 29750 16405 5270 37655 35785 3440 6493 17415 16641 10449 8170 11137 2365 15050 8299 2666 19049 18103 26000 49075 131625 125775 78975 61750 84175 17875 113750 62725 20150 143975 136825 30480 57531 154305 147447 92583 72390 98679 20955 133350 73533 23622 168783 160401 17120 32314 86670 82818 52002 40660 55426 11770 74900 41302 13268 94802 90094 26320 49679 133245 127323 79947 62510 85211 18095 115150 63497 20398 145747 138509 22080 41676 111780 106812 67068 52440 71484 15180 96600 53268 17112 122268 116196 3200 6040 16200 15480 9720 7600 10360 2200 14000 7720 2480 17720 16840 33760 63722 170910 163314 102546 80180 109298 23210 147700 81446 26164 186946 177662 11680 22046 59130 56502 35478 27740 37814 8030 51100 28178 9052 64678 61466 8320 15704 42120 40248 25272 19760 26936 5720 36400 20072 6448 46072 43784 800 1510 4050 3870 2430 1900 2590 550 3500 1930 620 4430 4210 219 85 43 325 381 214 329 276 40 422 146 104 10 80 151 405 387 243 190 259 55 350 193 62 443 421 123066 196207 89999 72816 177713
200
58228 152121 20957 103306 196243 101977 62446 158367 4112 35325 36884 93600 178040 169213 188778 14752 165365 187057 50457 12950 24685 180097 28928 41297 108122 21669 31214 24939 19143 60549 84846 149105 149221 197840 195117 73508 29211 10385 170481 70940 87026 158755 39246 126270 66838 105993 121293 82944 157573 44407 124209 57959 146339 114104 75892 124746 45117 148871 124027 130503 119102 123259 3374 68872 156768 191011 30103 78959 124190 67007 87204 64560 144038 189482 122150 43062 37319 111175 166307 118962 110049 24636 193326 30284 136977 4755 179850 172198 93784 147353 131215 167987 99218 186881 46876 116348 68490 87009 198024 61403 132712 20411 6492 69190 131248 142315 17501 31095 115677 138446 33301 168036 24745 45408 34268 21235 178543 72262 57125 22880 118918 76601 135124 12460 10311 175522 148291 65490 80949 151146 44167 337 107473 131894 10592 17666 331 39939 116114 106555 75079 86069 50758 85543 56185 30504 36480 44410 127023 64974 76225 157019 14564 57360 39239 118032 196827 194916 24968 111273 104847 65285 198337 40954 51995 87558 197400 84773 100900 43410 164983 174902 54653 187192 190472 136856 170738 100935 61821 192573 59353 129374 102176 107704 128312 40332 70248 34051 19163 22774 62800 146318 137415 59037 119378 58024 174239 35547 31079 615
200
140965 110019 148412 92899 128371 170343 86208 114758 83635 30702 123984 135896 24352 182206 26631 41561 181640 127954 88823 147939 163195 199523 75132 36462 102475 109399 125233 28933 196842 132196 21652 69180 168421 23141 38360 62220 50167 141586 121068 121676 137242 56347 187607 98913 149786 165535 123587 93912 121812 25309 165801 55004 38734 81904 139217 147186 88021 128740 23042 51544 185690 169386 49119 132903 92193 176737 124937 144048 15499 134834 81136 113770 81868 130935 106479 182902 168537 103569 39479 151050 89692 46953 75570 37660 120808 174464 52130 160380 108092 40565 74611 147074 132931 138454 61172 83584 186629 183148 21597 128831 180834 159801 61252 3425 151408 165406 120344 197853 25314 8003 73502 59959 164771 26909 137379 176248 106733 88318 145488 43265 170393 83231 168262 89185 48093 189835 35258 61273 71953 175487 6248 14538 15105 62751 124751 196802 43940 65618 137170 58151 61338 38403 92226 6289 115305 400 68207 187763 161395 25448 170711 125548 93702 341 42910 25064 135874 178484 88760 128549 47642 118640 91612 96546 182697 27997 28119 9352 134202 164734 92273 55988 174562 83951 69847 69440 187364 153917 61813 69040 131241 98435 96141 133111 113614 190107 186519 152272 152519 101578 27417 67619 80590 56646 19061 58006 133256 58036 38249 165399
200
0 0 0 0 1 1 1 1 0 0 1 1 0 1 0 1 1 0 1 0 1 1 1 1 1 1 1 0 1 1 0 1 1 0 1 0 0 0 1 1 1 1 0 0 0 1 0 1 1 0 0 1 0 0 1 1 0 0 1 0 0 1 0 1 0 0 0 0 0 0 0 1 0 1 1 1 0 0 0 1 0 1 1 0 1 0 1 0 1 0 0 0 0 0 1 1 1 1 0 1 0 0 1 0 1 0 1 0 0 0 0 0 0 1 1 1 0 1 1 1 0 1 0 1 1 0 0 0 1 0 1 0 0 0 1 0 1 1 0 1 0 1 1 1 1 1 1 1 0 1 1 0 0 0 1 1 0 0 1 1 1 0 0 1 1 0 1 1 1 0 1 1 0 1 0 1 1 0 0 0 0 1 1 0 0 0 1 0 0 0 1 0 0 1 0 1 0 1 1 0
200
1 1 1 1 1 1 1 1 1 1 1 1 1 1 1 1 1 1 1 1 1 1 1 1 1 1 1 1 1 1 1 1 1 1 1 1 1 1 1 1 1 1 1 1 1 1 1 1 1 1 1 1 1 1 1 1 1 1 1 1 1 1 1 1 1 1 1 1 1 1 1 1 1 1 1 1 1 1 1 1 1 1 1 1 1 1 1 1 1 1 1 1 1 1 1 1 1 1 1 1 1 1 1 1 1 1 1 1 1 1 1 1 1 1 1 1 1 1 1 1 1 1 1 1 1 1 1 1 1 1 1 1 1 1 1 1 1 1 1 1 1 1 1 1 1 1 1 1 1 1 1 1 1 1 1 1 1 1 1 1 1 1 1 1 1 1 1 1 1 1 1 1 1 1 1 1 1 1 1 1 1 1 1 1 1 1 1 1 1 1 1 1 1 1 1 1 1 1 1 1
200
34542 11514 6156 45714 32718 38418 19836 126351 42117 22518 167217 119679 140529 72558 26664 8888 4752 35288 25256 29656 15312 115140 38380 20520 152380 109060 128060 66120 43026 14342 7668 56942 40754 47854 24708 91506 30502 16308 121102 86674 101774 52548 97566 32522 17388 129122 92414 108514 56028 114 417 88 380 142 302 322 303 101 54 401 287 337 174 133524 159526 98070 14153 118412 157065 12328 31556 38138 5789 186362 165247 11966 59974 30549 171417 116264 128725 129691 86659 107053 165319 94914 190563 8147 87144 23010 47808 27069 123126 24842 164599 35494 39904 58318 193267 59083 101972 97210 16598 167435 68496 143861 145386 76383 91298 4670 163922 180352 3744 153094 172559 77783 121505 102613 106409 114661 131069 43827 185784 10949 193928 8199 66866 76468 147762 99257 114549 3448 183666 134831 146165 78152 190269 89591 148440 41794 131644 80253 140662 21151 86557 145716 174324 133660 68500 62912 162793 44492 81121 77626 191747 144930 101345 63340 172942 74656 57144 167921 6541 125493 37922 186918 3266 171996 16250 14472 155313 187672 60023 146244 164205 181179 152314 170201 109816 20927 18279 140072 44952 145599 77317 143696 126177 116369 121002 35399 155526 189477 13634 174185 58043 182311 196612 43127 114068 113313
200
65537 131073 65537 65537 131073 131073 131073 65537 131073 65537 131073 131073 131073 131073 65537 65537 131073 65537 65537 131073 131073 131073 131073 131073 131073 65537 131073 131073 131073 131073 131073 131073 131073 131073 131073 65537 131073 131073 131073 131073 131073 131073 65537 65537 131073 65537 65537 131073 65537 131073 65537 65537 131073 65537 131073 65537 65537 65537 65537 65537 65537 131073 131073 131073 131073 131073 131073 131073 65537 131073 65537 65537 65537 65537 65537 65537 131073 65537 131073 131073 131073 65537 131073 65537 131073 131073 65537 131073 65537 65537 65537 131073 131073 65537 65537 131073 65537 131073 65537 131073 65537 131073 65537 65537 131073 131073 65537 65537 131073 131073 65537 65537 131073 131073 131073 131073 131073 131073 65537 65537 65537 131073 131073 65537 65537 65537 131073 65537 131073 65537 131073 65537 65537 131073 65537 131073 131073 65537 65537 131073 131073 131073 65537 131073 131073 131073 131073 131073 131073 65537 65537 65537 65537 131073 65537 131073 65537 131073 131073 65537 65537 65537 65537 131073 65537 65537 131073 65537 65537 131073 65537 65537 131073 65537 131073 131073 65537 65537 65537 131073 131073 65537 131073 65537 65537 65537 65537 65537 65537 131073 65537 65537 65537 65537 131073 131073 131073 65537 65537 131073
200
12034 48943 183597 163290 50036 185596 10560 185161 132062 197459 57843 116445 102055 136016 71813 40135 186511 180440 46078 85805 160726 15187 115218 142817 76610 92733 53018 58353 175968 186398 27113 125146 99313 71674 149016 24644 103998 15393 93023 193690 131415 175138 123095 166236 158848 8603 194643 55854 180905 47287 195776 76614 133203 128139 34037 61806 3086 18799 131568 6552 118824 154963 172392 194911 174015 21485 194428 97132 98798 32351 117487 169531 74299 40874 58073 147254 138522 167629 192566 12996 57770 58682 179530 179006 29122 38670 16497 86177 182663 172121 171088 168390 39437 114492 91409 181416 9273 63252 79668 9540 105954 140079 116170 199547 53199 94003 27429 107044 36537 3491 95246 83808 109283 66560 49693 49619 29989 89691 41787 52253 91231 84405 84247 148892 69085 94455 143226 72772 67529 143917 74610 680 166205 158761 93430 88883 131536 196350 39942 158518 60549 84908 83726 98377 198979 84157 58322 122422 112253 99996 26154 172179 185885 32554 199762 66387 8719 184606 133083 138564 105759 76754 88005 56105 141636 31814 145455 141338 152496 99577 170969 109937 133207 152917 93667 185643 77355 154855 178567 35478 107537 54138 10306 55172 174882 141725 123591 73394 16215 197340 38293 124361 160586 75761 77171 159554 129697 113925 74061 91301
200
0 0 0 1 1 1 1 0 1 0 1 1 1 0 0 0 0 0 1 0 0 1 1 1 1 1 0 0 1 1 1 1 0 0 0 0 1 1 1 1 1 1 1 0 0 1 1 1 1 1 1 1 0 1 0 1 0 0 0 1 0 0 1 0 1 0 1 1 0 1 0 1 0 1 0 1 0 0 0 1 1 0 0 0 0 0 1 1 1 0 0 0 1 1 0 0 0 1 0 1 0 0 0 0 1 0 0 0 0 0 1 0 0 1 0 0 0 1 1 0 1 0 1 0 1 1 0 1 1 1 1 1 1 0 0 1 1 1 0 1 0 0 1 0 1 0 0 1 0 1 0 1 0 1 1 0 1 1 1 1 0 0 0 0 0 1 1 0 0 0 0 0 1 1 0 0 1 1 1 0 1 1 0 0 0 0 0 0 1 0 1 1 0 0 1 1 1 0 1 0
200
0 0 0 0 0 0 0 0 0 0 0 0 0 0 0 0 0 0 0 0 0 0 0 0 0 0 0 0 0 0 0 0 0 0 0 0 0 0 0 0 0 0 0 0 0 0 0 0 0 0 0 0 0 0 0 0 0 0 0 0 0 0 0 0 0 0 0 0 0 0 0 0 0 0 0 0 0 0 0 0 0 0 0 0 0 0 0 0 0 0 0 0 0 0 0 0 0 0 0 0 0 0 0 0 0 0 0 0 0 0 0 0 0 0 0 0 0 0 0 0 0 0 0 0 0 0 0 0 0 0 0 0 0 0 0 0 0 0 0 0 0 0 0 0 0 0 0 0 0 0 0 0 0 0 0 0 0 0 0 0 0 0 0 0 0 0 0 0 0 0 0 0 0 0 0 0 0 0 0 0 0 0 0 0 0 0 0 0 0 0 0 0 0 0 0 0 0 0 0 0
200
162184 158004 17556 76076 418 5016 38038 147972 76912 98164 95634 10626 46046 253 3036 23023 89562 46552 135800 132300 14700 63700 350 4200 31850 123900 64400 133472 130032 14448 62608 344 4128 31304 121776 63296 136964 133434 14826 64246 353 4236 32123 124962 64952 91180 88830 9870 42770 235 2820 21385 83190 43240 142784 139104 15456 66976 368 4416 33488 130272 67712 1164 1134 126 546 3 36 273 1062 552 61692 60102 6678 28938 159 1908 14469 56286 29256 418 253 350 344 353 235 368 3 159 388 378 42 182 1 12 91 354 184 156823 13207 100212 125023 154776 95073 82375 159515 84752 143555 33219 1631 5870 117221 162358 189854 33860 128604 10785 161730 193123 126961 44836 49345 187640 25349 46037 133247 176378 168933 6712 190553 164646 25697 23611 27205 113283 61872 168719 90016 40600 88857 123798 85127 80242 8541 765 178007 57089 130005 156620 23012 89392 73674 37365 93524 124184 41315 181067 98099 55181 73968 110984 142587 172928 34576 121639 91585 133656 135567 28458 22966 172406 185075 140983 58177 115446 121407 53566 195608 69180 91075 162214 20016 44056 98001 28394 143831 146875 104786 124528 86556 163827 138841 42798 75980 9272 190576 3074 137258 70220
200
0 0 0 0 0 0 0 0 0 0 0 0 0 0 0 0 0 0 0 0 0 0 0 0 0 0 0 0 0 0 0 0 0 0 0 0 0 0 0 0 0 0 0 0 0 0 0 0 0 0 0 0 0 0 0 0 0 0 0 0 0 0 0 0 0 0 0 0 0 0 0 0 0 0 0 0 0 0 0 0 0 0 0 0 0 0 0 0 0 0 0 0 0 0 0 0 0 0 0 0 172246 181375 143856 174351 26116 14421 79429 83953 97422 44124 566 61949 110785 112067 170760 22742 190926 68892 10661 168014 173895 16396 30643 138857 196000 21491 51899 50942 119962 22401 185519 128781 197224 188105 185572 104760 117269 142413 197627 146250 68084 55021 174997 153119 147744 63543 173733 46982 75298 50082 170973 149189 53275 178111 96095 165470 86524 78192 151711 125899 153373 27817 151220 133839 90863 122781 144972 41003 25203 93175 3324 53606 43416 60498 156141 55983 105455 103636 76280 133325 67312 111311 123961 167766 120908 199593 127137 108186 96129 17721 161603 50553 65623 96524 91526 157864 124713 166125 137231 23135
200
4845 120555 71820 115995 55290 100320 33915 122265 106020 13395 107445 71250 6919 172161 102564 165649 78958 143264 48433 174603 151404 19129 153439 101750 6222 154818 92232 148962 71004 128832 43554 157014 136152 17202 137982 91500 4318 107442 64008 103378 49276 89408 30226 108966 94488 11938 95758 63500 6171 153549 91476 147741 70422 127776 43197 155727 135036 17061 136851 90750 6426 159894 95256 153846 73332 133056 44982 162162 140616 17766 142506 94500 3655 90945 54180 87505 41710 75680 25585 92235 79980 10105 81055 53750 6358 158202 94248 152218 72556 131648 44506 160446 139128 17578 140998 93500 3315 82485 49140 79365 37830 68640 23205 83655 72540 9165 73515 48750 4029 100251 59724 96459 45978 83424 28203 101673 88164 11139 89349 59250 3502 87138 51912 83842 39964 72512 24514 88374 76632 9682 77662 51500 1105 27495 16380 26455 12610 22880 7735 27885 24180 3055 24505 16250 285 407 366 254 363 378 215 374 195 237 206 65 17 423 252 407 194 352 119 429 372 47 377 250 127437 79022 24738 93369 193070 12665 196276 1522 118444 171673 141713 95830 136238 195382 35774 94880 51093 175696 118128 52581 88564 68015 147702 62112 44929 131084 25515 177386 47787 187519 185413 154562
200
18042 21018 25482 26846 18290 23002 6014 79443 92547 112203 118209 80535 101283 26481 125712 146448 177552 187056 127440 160272 41904 85554 99666 120834 127302 86730 109074 28518 33174 38646 46854 49362 33630 42294 11058 15423 17967 21783 22949 15635 19663 5141 27063 31527 38223 40269 27435 34503 9021 62 273 432 294 114 53 93 291 339 411 433 295 371 97 133097 87792 178392 180796 115760 144823 75367 146278 50645 137621 169215 171861 125509 169121 81008 57998 183120 93213 102719 178531 67424 51320 175896 113850 85783 35570 58050 112885 75 63250 168771 52999 166003 28011 130481 189882 114138 29418 1320 30151 190379 102594 104419 48748 46051 114755 132535 149022 59458 49524 111260 195943 119595 184642 48729 131734 79470 97183 174481 175047 111824 40848 16758 37807 167671 5901 161327 198995 17867 59029 145670 198333 70073 11856 133847 112508 29675 163392 194130 115737 101395 168151 8379 189724 125138 39109 77973 30676 125012 49881 113724 198646 166865 40701 41946 82433 23222 1111 154438 111165 32193 110861 163479 176064 98423 15488 116877 14182 1257 70881 192032 146236 149268 133595 158968 16005 18722 81188 100525 133722 195633 167257 193630 20810 36831 171429 62699 143720 104781 4724 175631 80250 131742 186373 173251 97072 52398
200
8004 87 609 7714 8352 7714 9164 5771 1189 12847 2291 9570 27600 300 2100 26600 28800 26600 31600 19900 4100 44300 7900 33000 3864 42 294 3724 4032 3724 4424 2786 574 6202 1106 4620 121440 1320 9240 117040 126720 117040 139040 87560 18040 194920 34760 145200 14076 153 1071 13566 14688 13566 16116 10149 2091 22593 4029 16830 1656 18 126 1596 1728 1596 1896 1194 246 2658 474 1980 3312 36 252 3192 3456 3192 3792 2388 492 5316 948 3960 80868 879 6153 77938 84384 77938 92588 58307 12013 129799 23147 96690 828 9 63 798 864 798 948 597 123 1329 237 990 41124 447 3129 39634 42912 39634 47084 29651 6109 66007 11771 49170 48024 522 3654 46284 50112 46284 54984 34626 7134 77082 13746 57420 5796 63 441 5586 6048 5586 6636 4179 861 9303 1659 6930 29 100 14 440 51 6 12 293 3 149 174 21 276 3 21 266 288 266 316 199 41 443 79 330 178666 184314 32979 5008 30383 56742 81616 63280 185373 28958 182875 64586 155093 156923 70787 105210 56118 168719 10888 13465 64181 112592 18362 75093 104828 75202 179928 44355 190967 98609 148099 48085
200
110859 125583 115370 171432 60263 33787 130011 121793 117610 153905 184847 39081 109728 152895 119150 87084 71326 34114 53433 37940 182881 68953 176965 63316 62381 132120 85721 155541 83131 45629 140898 193324 185996 193362 82824 130997 71328 110038 155685 115525 156357 113237 91180 13167 168390 76257 168971 183768 36195 154969 27492 63380 143283 16352 180709 28256 25266 146263 98389 188575 117087 7654 18179 180863 164668 8276 180397 66736 36959 23921 176948 147864 44396 171593 172726 26773 168403 99405 54908 187085 93751 133498 116436 57120 163526 144311 19858 79076 95156 189791 61287 76211 199877 185693 154139 146632 32474 155144 67621 2357 197392 84727 142449 37124 192876 172111 100374 189603 39762 198986 123834 770 72735 151783 118135 83403 138605 43964 25112 8944 182025 143073 72822 86350 188299 132090 142065 94605 178687 97021 128493 152333 123492 126182 169279 67432 132778 114978 10956 53481 90203 61120 109970 33695 161677 37384 97868 143908 182872 34331 110034 190623 185073 61638 191649 22554 3390 121703 87710 100614 144473 50263 181362 161261 49957 67688 173105 168737 137547 52310 145512 33619 42918 38708 71518 186229 43066 75509 153072 15971 166951 170561 184796 53237 37266 9318 40002 64033 148390 35219 65070 85804 103163 101874 29082 92311 80767 107974 123692 159555
