30
6
5 2 4 6 3 1
6
2 4 8 16 32 64
3
1 1 1
3
200000 200000 200000
200
0 0 0 0 0 0 0 0 0 0 0 0 0 0 0 0 0 0 0 0 0 0 0 0 0 0 0 0 0 0 0 0 0 0 0 0 0 0 0 0 0 0 0 0 0 0 0 0 0 0 0 0 0 0 0 0 0 0 0 0 0 0 0 0 0 0 0 0 0 0 0 0 0 0 0 0 0 0 0 0 0 0 0 0 0 0 0 0 0 0 0 0 0 0 0 0 0 0 0 0 56852 65213 12661 12007 104767 102305 184297 195114 147093 116324 187306 162000 67512 188518 166779 186336 133431 75643 42299 16093 124942 146532 84436 25090 149552 66440 173882 69902 189931 108853 180883 164206 9947 70639 53815 55245 15027 82084 82943 61323 92671 158743 126475 149409 170199 1514 191677 113851 101804 73262 117386 28643 105555 95691 189170 33866 107808 144125 182229 33661 95450 180259 196119 194198 167368 13740 122484 27633 38379 181395 150824 122626 8760 142479 151444 183943 41326 65888 32428 148531 86525 95223 132366 43399 103622 98795 153814 60643 110072 71391 125349 85469 90293 176948 122124 186505 187397 47186 165654 36191
200
43867 133709 6726 166079 125349 118979 29727 178422 77309 7058 44354 8005 173138 76892 93423 47594 14374 70719 13120 1860 174795 67710 188297 187166 44795 90348 76278 33476 85809 62746 157068 195500 117521 38522 19689 117290 9469 85541 7948 14492 197986 151440 97203 119909 95567 178961 95768 30508 15674 146752 111451 61322 63807 124126 67906 109474 178951 41510 192893 69349 34931 96072 113906 41593 64445 107479 193836 63772 114194 55181 43031 185571 69641 85798 7623 47143 167518 63628 137581 130682 54966 72950 197272 29509 117353 120114 147169 198916 192348 164172 119314 18979 111455 19919 192023 3775 87751 190197 175236 123294 90777 152356 74332 123221 8862 96551 166229 108964 147777 31439 46246 28403 8388 44506 10749 169465 87617 154719 96319 117449 39622 132542 192698 104772 1741 91729 140616 140729 132099 183072 189729 120255 188960 18196 74612 15606 52598 146991 19275 119874 181024 187921 121941 168399 23063 3013 114275 5719 111791 169717 164195 99887 73648 21282 90516 49739 166448 147294 129384 125281 132052 62557 81893 7104 122054 168505 9163 18953 94469 174549 92018 62434 112870 121233 99997 34121 69112 123723 129940 12074 84126 63325 151600 75906 189344 59245 197404 65334 151044 117328 118111 160189 182355 30708 175636 56520 86382 126348 155494 77621
200
103622 75744 29193 45499 91524 77585 37346 111512 110986 16306 54967 35242 48918 168632 123264 47508 74044 148944 126260 60776 181472 180616 26536 89452 57352 79608 38218 27936 10767 16781 33756 28615 13774 41128 40934 6014 20273 12998 18042 147750 108000 41625 64875 130500 110625 53250 159000 158250 23250 78375 50250 69750 92984 67968 26196 40828 82128 69620 33512 100064 99592 14632 49324 31624 43896 104410 76320 29415 45845 92220 78175 37630 112360 111830 16430 55385 35510 49290 79588 58176 22422 34946 70296 59590 28684 85648 85244 12524 42218 27068 37572 10638 7776 2997 4671 9396 7965 3834 11448 11394 1674 5643 3618 5022 167056 122112 47064 73352 147552 125080 60208 179776 178928 26288 88616 56816 78864 88650 64800 24975 38925 78300 66375 31950 95400 94950 13950 47025 30150 41850 89044 65088 25086 39098 78648 66670 32092 95824 95372 14012 47234 30284 42036 141840 103680 39960 62280 125280 106200 51120 152640 151920 22320 75240 48240 66960 74860 54720 21090 32870 66120 56050 26980 80560 80180 11780 39710 25460 35340 263 428 97 375 236 265 202 27 424 225 226 360 190 394 288 111 173 348 295 142 424 422 62 209 134 186 49663 26803 139379 196953 169428
200
148932 176094 198139 181910 18436 67735 36318 36194 14786 178753 82246 125776 45825 96317 73596 32188 121936 121305 20685 167890 134273 127088 198908 95386 39954 138353 97196 123730 189276 169873 135988 4881 117923 10597 90293 89137 64575 90625 198967 151188 71794 117097 182140 151439 46683 33096 130920 40450 85877 360 65423 162954 46121 99123 134906 30407 102153 44222 106131 85440 107286 133370 187424 52716 193514 92161 113024 38269 132000 27017 147852 168204 156960 77864 54539 134021 101337 189232 1319 2861 154368 35499 175296 160989 65812 51047 169902 5357 40712 60230 3296 72745 147201 85034 96244 103826 81409 110022 65157 157365 173721 41631 4583 8566 29787 84046 129409 14694 89799 171221 101781 95128 48898 155276 18739 19876 28816 163457 127468 168013 180145 9348 632 96119 66314 104850 113952 106170 92683 81321 30662 81201 188832 148714 36737 3716 1718 171196 155377 148603 3961 163321 190430 107029 100957 110732 173783 163510 8247 71637 135825 87900 186185 198302 88214 144987 84978 109089 152627 47124 147871 195103 86369 22599 8430 17571 62142 27973 20623 30199 89162 97936 135890 36480 135209 194364 14227 6011 139606 156626 89823 74104 112828 89592 21323 149079 78257 136913 132230 46153 55458 109741 62151 13642 98825 104968 195609 12916 194044 75331
3
65537 65537 131073
200
126362 166431 103118 102342 5027 164436 84600 84352 172870 46402 79298 78836 93606 67083 176096 11217 72187 92256 43627 106701 174254 92191 94465 190141 125996 40872 52113 153994 178291 188222 163568 127972 45360 175395 149654 86731 121207 195620 166027 57860 190913 102541 62779 34812 110452 84409 181447 80907 75389 153260 35324 54887 61967 48187 188788 138466 148416 15969 150515 137621 102710 184744 89739 146455 6770 88043 103242 176450 55849 21800 32589 17273 45223 173326 197400 1739 92571 115638 9315 125369 45421 185347 64204 141936 190993 154822 86937 45211 136590 103723 106461 180120 73759 87851 35639 56878 101336 120866 167022 188917 125050 188995 46724 47913 61022 186254 1459 120109 166557 64282 20019 110921 47827 135916 11116 148280 65648 117316 186394 111044 128164 115485 20087 191101 49285 129898 61998 116056 1449 132483 165885 134856 109043 23143 27063 50164 6363 109815 118001 94912 137155 189784 186364 60639 165163 45926 11968 186680 130065 73264 184164 184692 13850 34616 16684 159110 76392 163490 26537 138629 150172 25239 19328 140211 155046 88399 144932 105975 172867 87422 112832 104056 90867 4683 73925 55087 148834 18675 32355 129832 11755 197153 46493 64656 196521 118739 34126 46143 158643 36196 26246 181349 164046 134945 94497 73581 37130 144603 149774 108340
200
6048 52416 11844 74088 80136 10080 26460 6480 56160 12690 79380 85860 10800 28350 2160 18720 4230 26460 28620 3600 9450 5040 43680 9870 61740 66780 8400 22050 5760 49920 11280 70560 76320 9600 25200 8784 76128 17202 107604 116388 14640 38430 6960 60320 13630 85260 92220 11600 30450 252 270 90 210 240 366 290 24 208 47 294 318 40 105 10513 199953 134602 13558 179194 23234 22 172016 198202 144588 51530 142265 28689 119705 189647 138095 78819 92715 29887 184356 91547 73472 75834 104932 179941 41038 122041 132405 101615 125395 179111 82833 191454 52212 61351 119853 2918 75754 117681 195499 22782 133210 173968 59858 1973 53925 61720 143745 19576 99993 27227 178232 69949 159228 58013 34106 59642 45431 128820 68686 106208 81543 55684 172320 149484 3531 61074 84086 86072 84861 149120 129316 8545 106991 24110 59718 2814 118506 44992 190995 23643 84114 61742 34749 134151 92072 127778 145699 165988 44447 135712 52992 97784 157239 82089 100041 46207 77168 132533 118742 151665 63713 78815 119323 94445 157804 128626 117858 113870 56244 63796 183791 153320 46142 155691 137231 21533 42672 26375 102379 95436 141917 192866 21735 141730 176367 139734 178206 142534 69409 7568 182647 129791 146509 135999 64415 182216
200
0 0 0 0 0 0 0 0 0 0 0 0 0 0 0 0 0 0 0 0 0 0 0 0 0 0 0 0 0 0 0 0 0 0 0 0 0 0 0 0 0 0 0 0 0 0 0 0 0 0 0 0 0 0 0 0 0 0 0 0 0 0 0 0 0 0 0 0 0 0 0 0 0 0 0 0 0 0 0 0 0 0 0 0 0 0 0 0 0 0 0 0 0 0 0 0 0 0 0 0 94644 172154 9823 27606 136657 42683 170153 46197 29744 182653 183569 25947 71617 97099 126917 9225 155803 69992 99582 35189 52930 53327 110739 91304 74813 119909 80161 156159 4531 96359 166893 141289 90747 182520 177115 61155 15708 100846 42871 10580 166308 168355 63304 104897 188481 109833 129044 32744 172752 180867 177560 91645 125366 199695 92045 24868 44958 33598 173885 173022 7284 176987 193970 21852 120923 70379 191617 44648 14144 29626 35738 133348 128679 20258 52538 946 63880 164806 150377 137496 14270 196267 121143 173007 4431 95453 52566 59303 116285 97635 93303 53879 191944 114160 180407 77786 139529 148279 55792 95901
200
44353 169350 140707 51154 72035 13361 156615 62185 116357 131509 29343 158612 57796 42044 102258 152712 89679 162768 48509 20282 95920 31392 22065 101125 114572 61426 197756 181437 126783 159422 37964 73465 167806 10640 176781 155371 114101 71463 72864 49162 81800 47349 37047 105931 93995 103157 89032 169427 29710 135749 7295 6742 9127 166056 140161 86825 116304 73869 196432 176940 69193 76476 186254 151160 193285 17219 183915 28601 141529 109894 70083 127713 147740 89752 16778 152181 36535 172246 92516 199307 182941 105421 22578 115697 174951 96514 13100 27528 118361 23022 81554 53008 26961 127277 107132 8836 155484 79237 192673 131414 157198 55152 165696 45492 127873 168038 65260 131252 197414 102158 19568 129578 95810 154531 139032 192819 104385 150041 112363 28879 6927 39605 125955 118677 191514 135632 100067 100991 62589 151865 194585 179459 146899 103242 90935 60937 194013 84390 195202 41792 37202 130208 92945 117926 95805 124630 15903 14634 181163 29330 36494 17045 183011 109966 197390 97642 168427 4634 55604 136993 18862 9150 197294 13636 180745 147875 178 101235 166975 192877 183115 7045 135508 66594 199154 43641 68916 31368 42012 117409 73108 87252 43717 166035 57101 166293 137770 133297 50741 181375 8849 110058 123441 35485 183147 156853 158084 12104 64710 42408
200
131073 131073 131073 65537 65537 65537 131073 131073 65537 65537 65537 131073 131073 65537 131073 131073 65537 65537 65537 131073 65537 65537 131073 131073 131073 65537 131073 65537 131073 131073 65537 65537 65537 65537 131073 131073 131073 131073 65537 65537 131073 131073 65537 65537 131073 131073 131073 65537 131073 131073 65537 65537 65537 131073 131073 65537 65537 131073 131073 65537 131073 131073 131073 131073 131073 131073 65537 131073 65537 131073 131073 65537 65537 65537 65537 131073 65537 65537 131073 65537 131073 131073 131073 65537 131073 131073 131073 65537 65537 131073 65537 131073 65537 65537 65537 131073 131073 65537 65537 65537 131073 131073 65537 65537 131073 65537 131073 131073 131073 65537 65537 65537 131073 131073 131073 65537 65537 65537 65537 65537 65537 65537 131073 65537 65537 65537 65537 65537 65537 65537 65537 131073 131073 131073 65537 65537 65537 131073 131073 65537 65537 65537 131073 131073 131073 131073 131073 65537 131073 131073 131073 65537 65537 131073 65537 65537 131073 65537 65537 65537 65537 131073 131073 131073 65537 131073 131073 65537 65537 65537 65537 131073 131073 131073 65537 131073 131073 65537 65537 131073 65537 65537 131073 131073 65537 131073 65537 65537 65537 65537 131073 65537 131073 65537 131073 131073 131073 65537 65537 65537
200
32558 57088 29436 9366 62886 68238 48614 33450 175278 46384 195794 15038 26368 13596 4326 29046 31518 22454 15450 80958 21424 90434 1022 1792 924 294 1974 2142 1526 1050 5502 1456 6146 1095 1920 990 315 2115 2295 1635 1125 5895 1560 6585 29857 52352 26994 8589 57669 62577 44581 30675 160737 42536 179551 1752 3072 1584 504 3384 3672 2616 1800 9432 2496 10536 24966 43776 22572 7182 48222 52326 37278 25650 134406 35568 150138 7957 13952 7194 2289 15369 16677 11881 8175 42837 11336 47851 27229 47744 24618 7833 52593 57069 40657 27975 146589 38792 163747 27229 47744 24618 7833 52593 57069 40657 27975 146589 38792 163747 14746 25856 13332 4242 28482 30906 22018 15150 79386 21008 88678 446 206 14 15 409 24 342 109 373 373 202 73 128 66 21 141 153 109 75 393 104 439 123131 26480 150182 174931 44824 38226 52106 168547 70588 22712 120204 177308 98710 7772 6470 62156 73217 109299 92419 66273 69177 37949 103970 154460 132188 47769 88767 42747 178765 129964 134531 33108 168947 167998 2180 87860 30604 12948 115726 23483 67687 30122 47827 77449 11282 83224 159236 37151 29079 151379 950 188225 164422 194007 84025 146213 173854
200
0 0 0 0 0 0 0 0 0 0 0 0 0 0 0 0 0 0 0 0 0 0 0 0 0 0 0 0 0 0 0 0 0 0 0 0 0 0 0 0 0 0 0 0 0 0 0 0 0 0 0 0 0 0 0 0 0 0 0 0 0 0 0 0 0 0 0 0 0 0 0 0 0 0 0 0 0 0 0 0 0 0 0 0 0 0 0 0 0 0 0 0 0 0 0 0 0 0 0 0 0 0 0 0 0 0 0 0 0 0 0 0 0 0 0 0 0 0 0 0 0 0 0 0 0 0 0 0 0 0 0 0 0 0 0 0 0 0 0 0 0 0 0 0 0 0 0 0 0 0 0 0 0 0 0 0 0 0 0 0 0 0 0 0 0 0 0 0 0 0 0 0 0 0 0 0 0 0 0 0 0 0 0 0 0 0 0 0 0 0 0 0 0 0 0 0 0 0 0 0
200
200000 200000 200000 200000 200000 200000 200000 200000 200000 200000 200000 200000 200000 200000 200000 200000 200000 200000 200000 200000 200000 200000 200000 200000 200000 200000 200000 200000 200000 200000 200000 200000 200000 200000 200000 200000 200000 200000 200000 200000 200000 200000 200000 200000 200000 200000 200000 200000 200000 200000 200000 200000 200000 200000 200000 200000 200000 200000 200000 200000 200000 200000 200000 200000 200000 200000 200000 200000 200000 200000 200000 200000 200000 200000 200000 200000 200000 200000 200000 200000 200000 200000 200000 200000 200000 200000 200000 200000 200000 200000 200000 200000 200000 200000 200000 200000 200000 200000 200000 200000 200000 200000 200000 200000 200000 200000 200000 200000 200000 200000 200000 200000 200000 200000 200000 200000 200000 200000 200000 200000 200000 200000 200000 200000 200000 200000 200000 200000 200000 200000 200000 200000 200000 200000 200000 200000 200000 200000 200000 200000 200000 200000 200000 200000 200000 200000 200000 200000 200000 200000 200000 200000 200000 200000 200000 200000 200000 200000 200000 200000 200000 200000 200000 200000 200000 200000 200000 200000 200000 200000 200000 200000 200000 200000 200000 200000 200000 200000 200000 200000 200000 200000 200000 200000 200000 200000 200000 200000 200000 200000 200000 200000 200000 200000 200000 200000 200000 200000 200000 200000
200
59647 184302 56498 84611 190547 1695 188612 174750 97340 140350 173169 126792 154561 178965 178354 6376 58985 135411 196194 181725 23918 145954 183843 189672 146314 74931 101323 126344 26690 136163 118304 59850 71174 117880 61020 159921 111328 72169 120468 156486 124491 186203 48884 156532 15677 120503 47761 63834 138674 140749 32782 46959 12898 195804 32304 59004 118429 4687 94119 37976 23903 81254 177593 130429 124904 184842 164688 41883 23979 195240 85687 160940 46523 189684 183206 113010 118438 113599 53309 11266 193526 123597 9329 114912 15819 41803 82649 155904 164102 17747 105721 105501 46631 53042 27735 50826 126539 113672 46785 120260 194660 164162 79933 54425 168625 99110 22708 154778 135020 13139 20530 2030 172016 176612 144980 75686 75622 141908 82277 180159 87744 79011 94132 76797 157741 84659 162648 123838 104463 7211 13205 177780 6675 178296 120352 153940 173658 190219 185358 10236 143554 190965 52508 182571 157886 20526 152029 61261 27908 130028 97027 78498 163848 30290 90268 181172 147572 141705 153832 196854 117108 188973 139451 142822 25356 43350 104494 102715 191746 184609 59240 14210 65100 111256 112574 18851 71916 157859 121395 190012 39076 6178 154180 54188 51616 94571 170961 167345 121147 122034 4044 75284 131106 122589 96614 107520 154673 136450 28705 23712
200
3168 3652 1276 12100 3608 14564 2068 8624 15884 16764 4576 14608 11396 24480 28220 9860 93500 27880 112540 15980 66640 122740 129540 35360 112880 88060 26640 30710 10730 101750 30340 122470 17390 72520 133570 140970 38480 122840 95830 28080 32370 11310 107250 31980 129090 18330 76440 140790 148590 40560 129480 101010 30096 34694 12122 114950 34276 138358 19646 81928 150898 159258 43472 138776 108262 18936 21829 7627 72325 21566 87053 12361 51548 94943 100203 27352 87316 68117 14544 16766 5858 55550 16564 66862 9494 39592 72922 76962 21008 67064 52318 20448 23572 8236 78100 23288 94004 13348 55664 102524 108204 29536 94288 73556 31824 36686 12818 121550 36244 146302 20774 86632 159562 168402 45968 146744 114478 31032 35773 12499 118525 35342 142661 20257 84476 155591 164211 44824 143092 111629 3888 4482 1566 14850 4428 17874 2538 10584 19494 20574 5616 17928 13986 23544 27141 9483 89925 26814 108237 15369 64092 118047 124587 34008 108564 84693 18432 21248 7424 70400 20992 84736 12032 50176 92416 97536 26624 84992 66304 44 340 370 390 418 263 202 284 442 431 54 327 256 72 83 29 275 82 331 47 196 361 381 104 332 259 123675 17128 65861 162614 121324
200
0 1 0 0 0 0 0 0 1 1 1 0 1 1 1 0 1 1 0 1 0 0 1 1 0 1 0 0 0 0 0 0 0 1 1 1 1 1 0 1 1 0 1 1 1 1 1 1 1 1 0 1 0 0 1 0 1 0 0 0 1 1 0 0 0 1 0 0 1 1 1 0 1 0 0 0 1 0 0 0 1 1 0 1 1 1 1 0 0 0 1 1 1 1 1 0 1 1 0 1 0 1 0 0 1 1 0 1 1 1 1 0 1 1 0 1 0 0 0 0 1 1 0 1 0 1 0 1 0 1 0 0 1 0 0 1 1 1 0 0 1 1 1 0 1 1 1 0 1 0 0 1 1 0 0 1 0 1 1 1 0 0 1 1 1 0 0 0 0 1 1 1 1 0 1 1 1 0 1 1 0 1 0 1 1 1 0 0 1 1 0 1 1 0 0 0 1 1 0 0
200
77101 136392 16454 74009 138268 72536 171911 160544 125544 74780 81573 115820 5575 65672 140592 128277 38858 120287 35963 255 18715 98955 96010 40902 171411 8785 43016 82743 98871 56301 168015 30644 196073 44697 123593 58722 98317 2735 122613 13710 164055 58337 166843 167087 123976 4070 133965 128664 4217 198161 9245 66814 8211 178212 145487 73700 133148 55305 86432 109493 30132 50087 134012 134007 51484 61539 131906 144979 50197 96151 136018 198146 170888 161449 5751 7922 2995 122300 95276 24521 3391 97201 80513 23445 181147 2202 26884 25323 126237 145761 156750 93183 36408 122326 173986 45028 29907 65850 113851 74565 127472 139205 61539 79943 70495 167541 1847 179319 146673 49515 2023 196545 165548 82229 20425 67461 163942 166397 26845 81051 95044 141674 163161 129140 78351 25438 198668 165041 90634 167197 133766 96812 25259 145222 197454 174403 15799 157269 199299 29975 60209 143292 17448 142031 6123 150947 3517 8493 156975 174583 190715 104051 34091 21872 137115 8324 98287 141477 99744 16665 19033 186532 10517 99361 147029 87001 87487 948 196686 73134 25217 107716 23901 63488 107701 72337 9998 2875 159097 161880 79214 8182 191404 106297 150271 74538 148083 190830 96181 48839 5746 14656 7623 58324 18001 22762 145283 8229 10599 21713
200
88400 117922 91775 93948 162452 144708 143250 105795 99871 175380 151543 166399 142646 149211 136286 165606 130877 168093 41173 153952 186022 49529 149749 172017 153385 88076 95507 48083 37526 77294 191185 5011 104041 73694 118072 14764 169244 76921 64249 40593 60072 90934 131728 149583 67861 153140 148084 148678 170385 149498 199918 176628 145497 55164 24062 144611 131003 113448 153253 166487 19194 72925 91472 13207 8310 187432 53603 91334 70326 87202 116762 51807 193630 97194 194754 79418 152776 148134 145884 130159 136825 92620 159658 103125 174190 68643 67432 63668 162295 111821 87478 186863 65359 112464 14998 39648 131883 98151 183513 107290 61930 43065 41399 52150 63624 108901 74989 163757 155538 15994 182764 126514 134879 1604 34196 103546 185589 176662 197356 182179 39371 103876 52426 116506 9019 69727 33343 148636 151232 56745 62789 133455 163261 156678 142606 153936 126044 106296 126112 198980 97514 18599 101725 95361 159292 53470 11848 160758 124176 20417 97734 136545 25886 199611 108414 173000 82563 92442 100309 21100 128110 13720 118627 114550 48565 14675 71517 20941 23362 62079 148207 84822 169007 176712 126935 132249 122892 91337 87723 36950 2444 1765 47760 71861 31319 128992 182703 62419 155865 65006 10044 24790 133860 140530 31149 119726 162632 192318 80853 8207
200
174108 139277 121345 19413 169193 4092 95630 155944 6743 74423 28788 163734 195697 98426 1020 106322 59121 81393 31730 160318 17046 174238 21494 170240 161683 49154 55875 156912 98058 149980 155852 4273 25009 120622 29494 196606 134278 21679 195512 141791 183297 42749 43245 67612 96255 175151 135066 61644 198307 124509 177173 99203 23961 152663 43872 157546 70491 571 124062 172093 97595 14761 26141 11988 129757 117964 119638 8314 61156 27467 111994 49218 3814 24381 25172 126512 16447 4019 191409 25448 140791 78430 81154 115412 93965 80572 171030 144538 162303 125776 187936 35945 160936 144727 104678 11919 61601 11713 107433 75910 63177 185119 53050 49951 1651 89160 116324 110440 35885 134534 85775 88369 161181 35495 172733 131608 112602 59286 135122 195820 143313 119463 152681 513 164339 99322 62816 147335 118645 144940 76887 167197 108948 27987 51593 1576 42834 188005 32983 111330 130435 167425 191205 149673 8877 94995 156708 199867 4191 33459 40791 160247 36686 106379 144326 115126 22413 121521 176750 79292 48677 1140 56418 33096 87576 102090 127146 103491 155816 44314 197125 156214 199979 27 35557 70043 170698 70466 140396 166267 69975 138284 135104 15495 113165 136015 51811 102555 113471 136303 119155 170617 103532 105554 123672 10695 19166 155701 170615 87337
200
25545 60255 73905 27495 22035 63765 68835 38805 79755 41730 66105 27300 45630 40086 94554 115974 43146 34578 100062 108018 60894 125154 65484 103734 42840 71604 33274 78486 96266 35814 28702 83058 89662 50546 103886 54356 86106 35560 59436 18209 42951 52681 19599 15707 45453 49067 27661 56851 29746 47121 19460 32526 7729 18231 22361 8319 6667 19293 20827 11741 24131 12626 20001 8260 13806 37990 89610 109910 40890 32770 94830 102370 57710 118610 62060 98310 40600 67860 18340 43260 53060 19740 15820 45780 49420 27860 57260 29960 47460 19600 32760 10873 25647 31457 11703 9379 27141 29299 16517 33947 17762 28137 11620 19422 18209 42951 52681 19599 15707 45453 49067 27661 56851 29746 47121 19460 32526 39562 93318 114458 42582 34126 98754 106606 60098 123518 64628 102378 42280 70668 52924 124836 153116 56964 45652 132108 142612 80396 165236 86456 136956 56560 94536 53448 126072 154632 57528 46104 133416 144024 81192 166872 87312 138312 57120 95472 1703 4017 4927 1833 1469 4251 4589 2587 5317 2782 4407 1820 3042 195 306 254 139 59 290 140 83 139 302 404 408 13 131 309 379 141 113 327 353 199 409 214 339 140 234 182124 51362 120916 26964 148342
200
1 1 1 1 1 1 1 1 1 1 1 1 1 1 1 1 1 1 1 1 1 1 1 1 1 1 1 1 1 1 1 1 1 1 1 1 1 1 1 1 1 1 1 1 1 1 1 1 1 1 1 1 1 1 1 1 1 1 1 1 1 1 1 1 1 1 1 1 1 1 1 1 1 1 1 1 1 1 1 1 1 1 1 1 1 1 1 1 1 1 1 1 1 1 1 1 1 1 1 1 1 1 1 1 1 1 1 1 1 1 1 1 1 1 1 1 1 1 1 1 1 1 1 1 1 1 1 1 1 1 1 1 1 1 1 1 1 1 1 1 1 1 1 1 1 1 1 1 1 1 1 1 1 1 1 1 1 1 1 1 1 1 1 1 1 1 1 1 1 1 1 1 1 1 1 1 1 1 1 1 1 1 1 1 1 1 1 1 1 1 1 1 1 1 1 1 1 1 1 1
200
51146 48364 2996 26536 20544 87740 35524 75756 55687 52658 3262 28892 22368 95530 38678 82482 70744 66896 4144 36704 28416 121360 49136 104784 21749 20566 1274 11284 8736 37310 15106 32214 90342 85428 5292 46872 36288 154980 62748 133812 46605 44070 2730 24180 18720 79950 32370 69030 67159 63506 3934 34844 26976 115210 46646 99474 33460 31640 1960 17360 13440 57400 23240 49560 214 233 296 91 378 195 281 140 239 226 14 124 96 410 166 354 158794 192838 110072 107433 167683 57415 145906 54326 98227 113370 12593 71836 126849 23964 140956 115966 70914 164693 78747 81040 124407 156023 24196 70597 21875 68123 41561 174772 74998 136545 16923 89726 154233 167512 100816 150409 30093 35152 154741 23591 169073 190516 30925 41519 196568 26253 56373 167080 39067 163076 73032 147360 90912 70907 167074 158747 107345 27207 833 197261 107180 164875 165142 63079 190876 199170 14202 193746 55777 78126 76425 65848 42182 16349 91196 171446 92073 37280 32998 1837 108072 165290 107785 11127 190023 125449 29133 46762 199461 58672 54081 185531 29412 70162 191986 135074 107092 7094 43608 109452 74331 150911 130026 169987 109323 156812 177277 102199 98611 185029 110392 27574 196982 191493 6652 47161 23792 42845 100872 133497
200
73156 177458 90351 17269 166751 107167 140388 144072 13764 28063 73675 183685 87007 54956 123127 77732 85958 56190 145971 118678 98309 78870 161395 20207 1070 11750 165944 82421 47382 117084 161039 115405 64441 32550 15465 197248 40329 16231 91984 5798 113907 58539 165901 100361 118912 181939 145062 62941 167374 199438 67669 152439 80956 32969 56295 184354 168535 141348 12922 168799 18492 99114 151336 97522 137805 121817 54440 81339 16010 11857 103743 144411 110150 182928 41161 156057 21400 63948 78769 16430 96495 196417 174475 98538 195893 130027 187805 121334 154736 68911 47597 61013 142380 53204 45964 52240 62774 187139 35091 146448 112115 23760 153438 86434 21598 150286 198006 34025 168130 63431 174295 6277 75331 180765 144611 165253 98247 57573 150418 117778 58994 165860 154450 29695 123791 31113 97162 140875 19356 141610 149509 162036 46572 100760 135376 27726 176748 71008 124832 80607 178503 56441 1825 72703 159905 5407 139382 23614 135856 41946 175313 56539 194140 130013 184833 164786 5388 135146 92204 61872 27481 62899 13306 8433 98924 109604 61197 156076 157508 137359 109335 172063 22553 177203 63062 112021 135284 43180 60176 197876 194626 95751 125953 55760 61720 61239 62620 15395 112972 64535 70005 14708 137256 145587 188858 134259 1128 123993 123103 8203
200
137088 138312 89352 159120 180744 31416 166056 154632 60384 15912 78336 39984 79968 31920 32205 20805 37050 42085 7315 38665 36005 14060 3705 18240 9310 18620 56784 57291 37011 65910 74867 13013 68783 64051 25012 6591 32448 16562 33124 104832 105768 68328 121680 138216 24024 126984 118248 46176 12168 59904 30576 61152 5376 5424 3504 6240 7088 1232 6512 6064 2368 624 3072 1568 3136 67536 68139 44019 78390 89043 15477 81807 76179 29748 7839 38592 19698 39396 100800 101700 65700 117000 132900 23100 122100 113700 44400 11700 57600 29400 58800 109872 110853 71613 127530 144861 25179 133089 123933 48396 12753 62784 32046 64092 5040 5085 3285 5850 6645 1155 6105 5685 2220 585 2880 1470 2940 87360 88140 56940 101400 115180 20020 105820 98540 38480 10140 49920 25480 50960 120288 121362 78402 139620 158594 27566 145706 135682 52984 13962 68736 35084 70168 57792 58308 37668 67080 76196 13244 70004 65188 25456 6708 33024 16856 33712 12768 12882 8322 14820 16834 2926 15466 14402 5624 1482 7296 3724 7448 408 95 169 312 16 201 300 327 15 260 358 172 38 336 339 219 390 443 77 407 379 148 39 192 98 196 61572 134566 93679 33281 186955
200
0 1 0 1 0 1 0 0 0 0 1 0 1 0 0 1 0 1 1 1 1 1 0 1 0 0 0 0 1 1 0 0 0 1 1 0 1 1 0 1 0 0 1 1 1 0 0 0 1 0 0 1 1 0 0 0 0 0 1 0 1 1 1 0 1 1 0 1 1 0 1 1 1 0 0 0 0 0 1 1 1 1 1 1 0 0 0 0 0 1 1 1 0 0 0 0 1 1 1 0 1 1 1 0 0 1 0 1 0 0 1 1 0 1 0 1 0 1 0 0 0 1 1 1 0 0 0 1 1 1 1 1 0 1 0 0 1 1 1 0 0 0 0 1 1 0 1 1 0 1 1 1 0 1 1 1 0 1 0 0 1 1 1 0 0 1 1 1 0 1 0 1 0 0 0 1 0 0 0 0 1 1 0 1 1 0 0 1 1 0 0 0 0 1 1 0 1 0 0 1
200
34977 14151 34532 27145 37469 1513 38359 11659 24297 39694 46374 18762 45784 35990 49678 2006 50858 15458 32214 52628 54234 21942 53544 42090 58098 2346 59478 18078 37674 61548 138729 56127 136964 107665 148613 6001 152143 46243 96369 157438 130083 52629 128428 100955 139351 5627 142661 43361 90363 147626 127725 51675 126100 99125 136825 5525 140075 42575 88725 144950 166632 67416 164512 129320 178504 7208 182744 55544 115752 189104 64845 26235 64020 50325 69465 2805 71115 21615 45045 73590 166239 67257 164124 129015 178083 7191 182313 55413 115479 188658 96678 39114 95448 75030 103566 4182 106026 32226 67158 109716 89 118 138 353 331 325 424 165 423 246 393 159 388 305 421 17 431 131 273 446 57227 188870 176713 74425 150742 86433 23334 78680 106925 148558 89204 32067 36224 76851 38809 98058 33695 33763 23832 162925 159783 149943 173131 114124 50371 99069 42852 18455 15368 187257 15042 150023 16567 14168 64834 92504 69321 164390 111967 91406 94113 59437 122845 152592 182183 130776 63978 67856 91657 98775 109970 43924 188113 128725 11783 139130 156364 10103 195921 191588 122323 71231 187039 27454 189761 197065 180974 46574 181208 7542 26633 17893 107934 36759 178884 190359 132988 67998 9331 16418
