30
6
5 2 4 6 3 1
6
2 4 8 16 32 64
3
1 1 1
3
200000 200000 200000
200
1 0 1 0 1 1 0 0 0 0 1 1 0 0 1 1 1 1 0 1 0 1 1 1 0 0 1 0 0 0 1 1 0 0 1 0 1 1 1 0 0 1 0 0 0 0 0 0 1 1 0 0 1 0 0 1 0 0 1 0 0 1 0 0 0 1 0 0 0 0 1 1 0 1 1 0 1 1 0 1 0 0 0 0 1 0 0 1 0 1 0 1 0 1 0 0 0 0 1 0 1 1 1 1 0 0 1 1 0 1 0 0 1 0 1 0 1 0 1 0 1 0 1 0 1 1 0 0 1 1 1 0 0 1 1 1 0 1 1 1 1 0 1 1 1 1 0 1 1 0 0 1 0 1 1 0 1 0 0 0 1 1 1 0 1 1 0 0 0 1 0 1 1 0 1 1 0 0 1 0 0 0 0 1 1 0 1 1 1 0 0 1 1 0 0 0 0 1 1 0
200
1 0 0 0 0 0 0 0 1 0 0 0 0 0 1 1 0 0 0 0 1 1 0 0 1 0 0 0 1 1 0 1 0 1 1 0 0 0 1 1 1 1 0 0 0 0 1 1 1 1 0 1 1 0 1 0 1 0 0 0 1 1 1 1 1 0 0 1 0 0 0 1 1 0 0 1 0 0 0 1 1 0 1 0 0 1 1 0 1 0 1 0 0 0 0 1 0 0 0 1 0 1 1 1 0 0 0 0 0 1 1 0 0 0 0 0 0 0 0 1 0 1 1 1 0 0 1 1 0 0 0 1 0 1 0 0 1 0 0 1 1 1 1 1 1 0 0 0 0 1 1 0 1 1 1 1 1 1 0 1 1 1 1 1 1 1 0 1 1 0 1 0 0 0 0 0 1 1 1 1 0 0 0 1 0 0 1 0 1 0 0 1 1 0 1 1 0 1 0 1
200
114558 12766 199191 62366 172032 127483 50206 71141 156391 98062 168937 113245 105487 103448 64631 175199 29755 148724 35637 171561 24994 143935 126922 57089 8238 47451 2968 69873 67695 160622 16044 21301 171129 144511 5796 54062 52586 33415 64108 46893 63358 41637 67572 196863 71326 183249 11441 64613 11134 127586 68770 177896 124982 178606 109083 81658 11874 188329 63121 57533 90484 161377 114147 55856 13016 46726 89991 198502 99942 79625 158688 68264 161590 154934 6879 161524 182447 54932 35951 179712 92006 128466 143257 39404 118482 44008 2159 130706 67896 2919 7640 145918 164547 188036 26690 170306 77673 106614 11499 176330 31339 44533 123099 159008 56451 92408 70092 893 864 163055 61792 184191 66686 112081 149966 189536 78955 115211 135502 43706 74100 128221 49824 89819 11389 21687 97576 178650 56091 150756 186110 174422 1602 92847 19835 149959 194353 147540 147768 36036 174878 17711 197639 84747 160508 154256 115038 55132 169688 197572 11251 113869 31450 116799 175702 122905 135209 104616 41977 188073 34664 167034 141295 141369 55803 148717 79678 26221 186961 125744 75076 65423 160682 11934 171009 14328 158554 12293 19656 49537 56903 56642 119625 97895 129600 137095 136253 12932 184302 33613 88025 24486 10639 21491 156874 175857 170624 91772 98363 196682
200
37084 191937 105150 54730 168199 80127 105214 49485 27918 149994 69704 154711 142213 33965 49551 22560 5520 98444 138729 120207 99531 2483 123731 105016 45871 69952 43222 184476 85864 9447 155797 151810 187250 7295 10147 113935 76204 131673 65721 141211 9457 50713 29739 92295 50482 43397 132929 94513 186313 172573 153696 22278 199136 122618 29352 72987 159337 129280 17490 88153 130540 62502 141152 163460 189940 172140 127914 72117 123363 40452 63683 183268 28066 57122 90324 158299 94296 69770 135943 183410 137661 88295 26592 185206 70566 32292 73727 111752 141747 56762 2972 92474 76671 176780 74882 89817 50030 51602 21636 115626 61777 31176 103243 87635 30182 126680 15091 196029 180714 109545 1834 122463 188824 181344 22762 40284 74520 129522 1752 103759 120193 26367 1125 186490 184471 67468 102226 67009 44561 62333 47703 96738 196739 1488 113471 33706 52125 119625 105120 130081 131427 31939 94030 47149 185636 81743 129012 78985 142918 56577 46853 23047 60719 110156 22166 46568 102015 159186 164683 123833 58113 65038 33645 173581 137253 193975 5704 163846 134654 35833 148249 91723 177505 135197 90704 112162 9904 191924 47865 184405 22208 47525 172750 126786 190020 101258 167261 187592 78235 64457 76682 184548 6568 110171 160844 132354 10887 157114 83974 77516
3
65537 65537 131073
200
48614 40586 83402 17840 37910 9589 34788 37241 50175 51884 43316 89012 19040 40460 10234 37128 39746 53550 4360 3640 7480 1600 3400 860 3120 3340 4500 44908 37492 77044 16480 35020 8858 32136 34402 46350 28558 23842 48994 10480 22270 5633 20436 21877 29475 65618 54782 112574 24080 51170 12943 46956 50267 67725 64964 54236 111452 23840 50660 12814 46488 49766 67050 75428 62972 129404 27680 58820 14878 53976 57782 77850 10682 8918 18326 3920 8330 2107 7644 8183 11025 223 238 20 206 131 301 298 346 49 218 182 374 80 170 43 156 167 225 160029 179869 51182 177988 182885 160590 164005 72123 5336 190275 18932 120086 109175 154597 163839 113003 167080 29743 124701 139404 24382 62046 82721 79077 146102 118946 21132 189507 176922 118172 26677 101561 36762 142435 113454 86316 114219 125804 76732 101898 193927 5982 180190 154719 138992 195989 166417 83464 123689 62769 128924 121551 33185 15400 47926 168530 24827 45651 86735 34094 82263 10110 147118 87442 5625 29964 176272 9026 185307 129431 185608 56443 135566 38839 84763 47081 137337 110239 10527 159815 7992 160245 19761 100317 9894 48236 54380 179006 53588 179794 13916 117754 106344 102789 111924 176607 138493 43097 11237 199143 131264
200
80122 56538 139091 26466 20128 121671 36656 93718 9387 4502 161190 1202 60922 81082 12415 197755 29545 89321 186738 183472 89186 30774 62057 184089 141325 92159 37641 66335 187832 69023 176625 152722 86983 107424 121197 195109 56017 86714 3284 75994 192971 112507 55400 61424 198304 74548 144014 199775 195130 170167 81727 87369 170490 84466 188473 49915 117329 133462 80487 161509 194817 175376 193804 36045 106893 40544 180012 117813 25238 120388 172929 135063 164668 69961 161035 167154 98819 197554 189407 124729 122323 168511 87591 95466 66647 77388 186753 147514 167316 24538 89676 2665 132275 93888 138292 37745 135501 370 18457 89025 174177 24897 113012 179774 87697 151506 61408 3654 175595 46583 163818 102150 144226 112833 162556 108619 92474 105359 12763 47269 8592 94203 79645 4134 94063 48128 45962 113265 173113 1298 181176 181993 60424 68233 182517 15609 86467 14878 183337 39145 82091 177643 148475 25735 186283 74232 159970 98644 17646 134931 172961 118734 173523 149922 187053 51383 94475 136481 26582 153247 44389 127685 94887 51089 149350 197710 114648 64343 128278 35754 111104 190987 1101 171768 176481 122460 76008 76188 10561 35658 97293 61157 52280 161123 26837 79982 83637 196856 171078 55153 27179 14398 7646 124300 116423 154000 334 152955 138335 103837
200
31761 87075 33685 42885 42687 55439 73081 164320 159605 111238 73268 44075 106772 60853 107608 160894 40656 10168 11410 131077 162867 124094 95128 161667 165006 170990 145400 63721 106525 131916 69811 80757 57609 151423 184963 21113 120422 122617 77389 65595 79991 45998 4730 198478 96866 97949 195178 124594 14810 86091 109120 172539 14031 93159 111970 127796 124192 79567 120489 152780 91503 105204 172789 43985 160491 151666 52259 36306 65003 197865 9141 139628 51339 78174 80462 33723 181430 147627 96577 17695 198879 158381 29061 2357 157889 76614 184975 139789 151421 152166 2755 133124 103427 91124 159784 197531 80196 101976 23204 141659 172066 107538 106826 147258 27695 109533 78571 155382 24819 157861 6361 20635 143119 197107 2257 128352 140709 122379 183662 93774 13081 182074 51088 83301 175891 152388 57149 25507 69025 118952 105613 70810 53918 175397 110300 99984 133182 196053 164279 189319 133074 69594 125035 14756 154004 17559 36063 80815 48840 2115 139244 159557 37450 25903 156150 16379 53606 140906 92779 165751 12632 96738 119687 132963 164911 191959 125343 55748 162946 20623 169081 133608 44485 109956 149373 144648 17198 194704 119155 43038 51106 147708 151573 132861 149147 99624 58575 183579 30195 130359 97252 179901 88717 66731 125648 187224 110348 18269 116508 194802
200
1 1 1 1 1 1 1 1 1 1 1 1 1 1 1 1 1 1 1 1 1 1 1 1 1 1 1 1 1 1 1 1 1 1 1 1 1 1 1 1 1 1 1 1 1 1 1 1 1 1 1 1 1 1 1 1 1 1 1 1 1 1 1 1 1 1 1 1 1 1 1 1 1 1 1 1 1 1 1 1 1 1 1 1 1 1 1 1 1 1 1 1 1 1 1 1 1 1 1 1 1 1 1 1 1 1 1 1 1 1 1 1 1 1 1 1 1 1 1 1 1 1 1 1 1 1 1 1 1 1 1 1 1 1 1 1 1 1 1 1 1 1 1 1 1 1 1 1 1 1 1 1 1 1 1 1 1 1 1 1 1 1 1 1 1 1 1 1 1 1 1 1 1 1 1 1 1 1 1 1 1 1 1 1 1 1 1 1 1 1 1 1 1 1 1 1 1 1 1 1
200
15598 34767 143450 158499 37137 2659 136244 60786 133653 182688 34710 52840 163109 195901 177709 22429 5397 59285 180507 1963 44996 162474 42444 107673 131952 178453 96618 52827 97279 144116 199546 57383 51156 11473 143966 21196 105182 71126 107844 8642 49635 114557 134665 143935 37917 115406 180624 5778 134448 198137 96961 137390 19988 131736 25658 135507 103448 30144 79098 180234 29641 179563 168146 88287 603 85295 154955 31120 67741 120174 29318 72219 83081 195199 91620 131092 174656 138711 90974 129970 13677 14973 83811 46276 76847 186133 63985 188196 53220 10314 69567 32682 47469 72729 3375 81263 17046 148620 45901 100235 87717 92520 109033 11399 129177 180968 141583 162637 32084 3425 166002 159975 80186 59610 147002 170015 26727 175716 32695 77790 45758 130867 130400 154263 2246 191747 77777 35083 45481 173666 145770 57925 62507 75538 35274 28161 60547 23475 60148 194680 149281 168096 165115 99493 57251 21090 104332 91085 88390 102131 163722 84658 191990 94521 78952 17405 154479 157077 12665 147482 7374 3899 184276 138814 76368 185008 125323 31657 99010 136845 177703 41707 16310 122598 99212 135918 97811 165097 13917 198414 26216 33146 34052 94461 145966 14410 80247 60546 185266 180013 22737 181945 124533 153457 86677 28092 68204 129823 174161 1680
200
200000 200000 200000 200000 200000 200000 200000 200000 200000 200000 200000 200000 200000 200000 200000 200000 200000 200000 200000 200000 200000 200000 200000 200000 200000 200000 200000 200000 200000 200000 200000 200000 200000 200000 200000 200000 200000 200000 200000 200000 200000 200000 200000 200000 200000 200000 200000 200000 200000 200000 200000 200000 200000 200000 200000 200000 200000 200000 200000 200000 200000 200000 200000 200000 200000 200000 200000 200000 200000 200000 200000 200000 200000 200000 200000 200000 200000 200000 200000 200000 200000 200000 200000 200000 200000 200000 200000 200000 200000 200000 200000 200000 200000 200000 200000 200000 200000 200000 200000 200000 200000 200000 200000 200000 200000 200000 200000 200000 200000 200000 200000 200000 200000 200000 200000 200000 200000 200000 200000 200000 200000 200000 200000 200000 200000 200000 200000 200000 200000 200000 200000 200000 200000 200000 200000 200000 200000 200000 200000 200000 200000 200000 200000 200000 200000 200000 200000 200000 200000 200000 200000 200000 200000 200000 200000 200000 200000 200000 200000 200000 200000 200000 200000 200000 200000 200000 200000 200000 200000 200000 200000 200000 200000 200000 200000 200000 200000 200000 200000 200000 200000 200000 200000 200000 200000 200000 200000 200000 200000 200000 200000 200000 200000 200000 200000 200000 200000 200000 200000 200000
200
27873 40014 60192 8037 65664 57456 44802 14996 21528 32384 4324 35328 30912 24104 56724 81432 122496 16356 133632 116928 91176 54605 78390 117920 15745 128640 112560 87770 3912 5616 8448 1128 9216 8064 6288 32600 46800 70400 9400 76800 67200 52400 25265 36270 54560 7285 59520 52080 40610 171 92 348 335 24 200 155 163 234 352 47 384 336 262 88088 139848 53891 198637 136002 164172 16063 184490 157348 96729 154462 97540 137123 96510 154337 198898 182555 152543 47785 174892 13481 96830 121682 181307 177790 3361 1807 68686 51553 43903 79152 161085 27511 91804 143015 188047 143751 35689 23227 100496 19836 62027 130612 173501 125518 113590 23357 183335 92237 162072 121700 78775 48715 4182 55241 193201 59041 78188 123947 49405 98787 143786 77455 116135 168851 170133 114990 168143 129812 78158 30849 154589 178317 6762 172163 85941 54632 94440 26037 84762 88658 102911 98712 185573 154880 33330 35806 142729 33546 25827 15071 168749 190169 93377 110535 157297 59035 19625 55290 107769 181185 199983 122437 87618 16221 183720 173200 87765 193685 192225 66247 105963 43942 189827 19175 27299 85310 78541 84648 185181 184965 199539 68552 176297 42284 78421 164041 93778 114707 8665 3583 59893 41918 13366 17053 71345 71696
200
0 0 0 0 0 0 0 0 0 0 0 0 0 0 0 0 0 0 0 0 0 0 0 0 0 0 0 0 0 0 0 0 0 0 0 0 0 0 0 0 0 0 0 0 0 0 0 0 0 0 0 0 0 0 0 0 0 0 0 0 0 0 0 0 0 0 0 0 0 0 0 0 0 0 0 0 0 0 0 0 0 0 0 0 0 0 0 0 0 0 0 0 0 0 0 0 0 0 0 0 30996 29428 75335 171731 40649 76124 191078 152459 198636 169600 115125 16714 174857 140151 11815 111743 139135 147900 184414 81465 142749 141521 74287 199885 6013 42156 175881 192789 118019 14429 94801 168026 144142 29227 57899 103371 150749 71580 117795 73869 10428 52422 18367 9574 82646 140126 160322 154438 137574 137289 57478 159739 29247 197906 180356 81567 43035 7143 76454 36750 10344 20893 172141 45212 82518 114913 61930 65701 29372 158411 44616 197137 2244 158632 99951 17124 193906 99834 159163 176922 35073 123043 86621 14358 92663 36290 5390 85432 174083 188977 107459 129122 17511 72603 10808 126919 36256 87624 148659 124422
200
7790 855 8341 4332 5795 1444 4636 5681 154160 16920 165064 85728 114680 28576 91744 112424 68470 7515 73313 38076 50935 12692 40748 49933 167280 18360 179112 93024 124440 31008 99552 121992 66010 7245 70679 36708 49105 12236 39284 48139 100040 10980 107116 55632 74420 18544 59536 72956 132020 14490 141358 73416 98210 24472 78568 96278 94710 10395 101409 52668 70455 17556 56364 69069 19 376 167 408 161 244 322 231 410 45 439 228 305 76 244 299 35230 166451 25368 17851 92766 133230 104075 56883 74371 21400 41403 187467 85055 162377 161027 78847 39686 92082 137868 183591 23979 169996 12057 134265 137706 3012 69718 72416 52753 113356 114109 188209 166240 82122 166714 5750 118385 118468 162334 95700 170414 34395 138427 129411 128134 147223 129364 32603 39375 8424 193845 160879 110270 196707 61856 28643 14541 63061 155962 90400 120279 39854 83484 80727 14072 197990 156108 25730 80890 109925 184106 12512 176217 21626 75535 183257 37682 64114 169818 162121 36676 52156 195749 152765 50650 59614 148124 172108 124702 116336 25864 2427 130419 78500 91990 118363 5829 70697 165690 34625 105384 91839 151160 63004 59418 191133 26765 68569 48945 188903 10531 22419 71709 17914 170194 55775 199223 33274 100539 186159
200
129234 68187 71400 97818 49623 143514 151011 62264 32852 34400 47128 23908 69144 72756 59368 31324 32800 44936 22796 65928 69372 153126 80793 84600 115902 58797 170046 178929 142266 75063 78600 107682 54627 157986 166239 48508 25594 26800 36716 18626 53868 56682 110772 58446 61200 83844 42534 123012 129438 357 172 164 423 393 134 306 362 191 200 274 139 402 423 23916 18429 71847 160999 52729 11340 124993 93952 170381 46603 172923 5621 115101 77207 120064 23785 140367 173847 99613 175311 165971 107299 18870 172378 59829 37659 11740 188348 120738 62297 49247 35278 193263 137068 46086 40692 192756 119949 89531 193448 64035 134641 194302 131036 155326 79417 58078 53698 63695 172556 131550 47479 158179 102246 97515 129350 86482 26924 153300 27536 11682 167716 25091 32539 199926 2689 67303 120212 181836 10667 12327 67746 58109 43095 149143 113946 44670 195083 197180 53196 71365 53161 175740 154894 106342 110166 82502 24958 170730 74604 126082 197930 64311 109326 82877 33964 4748 106571 57002 190838 65441 27774 27355 141137 144866 14241 77439 148413 98406 51820 55561 111733 93806 87885 135189 144081 154518 4856 115313 159229 66866 19407 52965 34721 44231 175534 88547 79013 60143 64187 97547 106299 123907 54146 184189 8146 50637
200
63612 190297 84602 110999 95481 33390 15816 96371 194386 157745 112917 172791 19641 180107 109670 133903 69552 129401 98469 143087 49345 32618 112623 62703 131389 7878 108381 50180 117302 84911 199504 87017 192812 194844 33115 94270 10323 82016 59992 164617 67941 153515 9227 87617 31237 135146 140540 8791 55037 108586 66120 19855 185173 121414 132335 160721 45619 35092 13221 186054 81882 91678 50495 126383 190954 89604 77246 190628 131705 137304 104419 4983 109780 135307 124817 51514 45155 49626 88537 22023 112612 144647 106193 100794 40852 115688 13372 198597 84563 124214 109487 133601 129632 124956 56917 79080 25390 14204 183811 89 52147 12935 186662 122955 112298 183646 117674 51326 35933 47615 71156 71170 39698 859 159265 16765 95420 125166 183119 152000 162618 17430 156608 127777 23882 105037 140729 80532 156198 81046 167633 161890 114704 150297 100607 48174 138907 56673 8904 77223 40986 32016 91814 21202 126755 57517 161933 58271 85410 97092 197216 137734 93624 153293 119125 127126 125828 137122 141083 29809 165172 133281 74724 184343 33871 54595 164801 31921 100091 188977 162556 21759 52419 132520 71504 22024 146254 34307 106070 198961 179628 159235 84239 29845 112177 167108 32483 164444 45927 142075 17110 114727 128615 143448 12023 123111 96468 10618 140122 165015
200
55889 71833 61232 116699 59508 19845 3837 188570 139649 101394 124454 53602 48384 182517 163889 166741 152577 139488 82585 42957 138842 107201 46487 7629 1165 84096 75785 179672 165032 92976 108855 36343 67168 183819 177582 9763 122426 132872 157600 143433 165696 95826 69850 74041 33790 166165 187108 86164 30242 89900 179673 197839 190675 45591 107844 56025 120631 21568 6987 170191 93535 96219 182497 24417 113469 118991 24204 119128 131233 26601 37179 110536 62563 112143 66161 135774 183139 139550 67787 87891 2219 141932 176625 62419 87599 124400 116280 27101 170889 138647 76711 93204 190790 9926 137600 147879 157735 37546 108323 147578 122269 173241 158714 53112 133962 87224 24187 56024 57307 192999 120218 182791 53920 177583 82266 62802 194462 156057 133442 144155 157684 172573 199351 53989 651 73607 46173 14000 100969 78973 71720 194172 182744 14980 118384 104656 15157 60142 45485 714 179846 147784 195838 61094 171584 88821 176202 66913 136541 177072 152591 165991 168264 113238 45833 63136 162541 14925 160374 173281 68498 105235 153741 92737 55237 67825 127571 130802 128758 168009 156222 24025 49669 46581 2420 151765 91074 184208 77527 194451 116291 187867 69953 190089 70710 108956 45689 48481 170327 101263 98098 126933 104623 61869 2552 86715 134848 158388 72440 193613
200
65537 65537 65537 131073 65537 131073 65537 131073 131073 131073 65537 131073 65537 65537 131073 131073 131073 131073 65537 131073 65537 65537 131073 65537 131073 65537 65537 65537 131073 131073 65537 65537 65537 131073 131073 65537 65537 65537 131073 65537 65537 65537 131073 65537 131073 131073 65537 65537 131073 65537 65537 131073 131073 131073 131073 131073 65537 131073 131073 65537 131073 65537 131073 65537 65537 65537 65537 131073 131073 131073 65537 131073 131073 65537 131073 65537 65537 131073 65537 131073 131073 131073 131073 65537 131073 65537 65537 65537 131073 131073 131073 131073 131073 131073 131073 131073 131073 65537 131073 131073 131073 65537 65537 65537 131073 65537 131073 65537 65537 131073 131073 65537 131073 65537 65537 131073 65537 65537 131073 131073 65537 131073 131073 131073 65537 65537 131073 65537 131073 65537 131073 65537 65537 65537 65537 65537 65537 65537 65537 65537 131073 131073 65537 65537 131073 65537 131073 131073 65537 131073 131073 65537 131073 65537 131073 131073 131073 131073 65537 131073 65537 131073 131073 131073 131073 65537 131073 65537 131073 131073 65537 65537 131073 131073 65537 131073 65537 65537 65537 65537 65537 131073 131073 131073 65537 65537 131073 65537 65537 131073 65537 131073 65537 65537 131073 131073 65537 65537 65537 131073
200
1860 160 640 1000 8020 4080 900 8160 34782 2992 11968 18700 149974 76296 16830 152592 3720 320 1280 2000 16040 8160 1800 16320 17019 1464 5856 9150 73383 37332 8235 74664 36270 3120 12480 19500 156390 79560 17550 159120 1302 112 448 700 5614 2856 630 5712 28365 2440 9760 15250 122305 62220 13725 124440 32364 2784 11136 17400 139548 70992 15660 141984 20 374 40 183 390 14 305 348 93 8 32 50 401 204 45 408 75358 189572 38289 138370 6985 22638 182863 16669 189971 127874 113297 29725 92861 163651 134003 187415 4480 19595 32056 197010 119887 63165 76202 65002 60667 59649 135952 88450 50473 100485 147715 27078 69913 66601 16831 24324 103446 57664 108755 60458 188885 68361 132223 130046 29857 181683 87301 15033 112790 21160 182159 6268 12091 59732 148821 197453 185740 74824 181547 4414 185372 194763 80685 102072 14574 182455 177103 34126 29194 170817 49578 152837 80309 156818 72651 16523 89463 115651 178096 77547 50462 155978 179731 133738 175275 121101 34205 136420 164211 32827 87615 76068 198931 161699 193158 21746 132135 102585 158743 37331 78079 118613 136488 141195 133099 27583 10748 70985 33179 184731 122917 21668 43209 7496 168826 105192 48084 176595 168859 55514
200
43248 136740 94128 75048 32754 51516 27666 22578 138648 125292 51272 162110 111592 88972 38831 61074 32799 26767 164372 148538 12920 40850 28120 22420 9785 15390 8265 6745 41420 37430 7208 22790 15688 12508 5459 8586 4611 3763 23108 20882 60112 190060 130832 104312 45526 71604 38454 31382 192712 174148 53040 167700 115440 92040 40170 63180 33930 27690 170040 153660 47736 150930 103896 82836 36153 56862 30537 24921 153036 138294 58752 185760 127872 101952 44496 69984 37584 30672 188352 170208 48416 153080 105376 84016 36668 57672 30972 25276 155216 140264 40256 127280 87616 69856 30488 47952 25752 21016 129056 116624 318 377 95 53 442 390 351 432 356 296 136 430 296 236 103 162 87 71 436 394 158781 198041 152116 83046 88270 82335 5954 90135 84618 51666 180746 117209 20948 102425 151582 163654 163174 60489 5884 349 90378 60815 198857 77935 1516 77766 132288 17171 172993 190464 31333 199463 37656 108419 66908 73626 63412 75192 8442 25030 103326 82014 159166 163413 146207 142764 180613 17819 95585 164964 82874 57289 173089 77476 121760 38031 66864 82695 90598 139848 16174 183820 124772 78877 148807 160721 16874 199372 61093 180637 173946 144720 162069 31376 76550 132090 102323 119684 30271 38985
200
474 879 891 1275 858 135 579 690 45346 84091 85239 121975 82082 12915 55391 66010 30494 56549 57321 82025 55198 8685 37249 44390 15010 27835 28215 40375 27170 4275 18335 21850 2528 4688 4752 6800 4576 720 3088 3680 316 586 594 850 572 90 386 460 41080 76180 77220 110500 74360 11700 50180 59800 60988 113098 114642 164050 110396 17370 74498 88780 3 287 193 95 16 2 260 386 158 293 297 425 286 45 193 230 43556 142106 66850 930 181078 71752 65201 108403 57925 21936 111637 138598 104819 120510 28949 145036 36863 52039 128474 186042 1501 11197 49479 95396 35229 129485 88465 149210 107273 168281 117306 182932 180250 113580 73218 162026 76888 42500 81309 136712 102258 82489 59222 75762 25834 190630 122231 158420 594 90119 197821 85988 110995 191054 46341 106923 102309 167122 171109 142137 142752 15946 87270 13751 78028 132576 194671 119188 120959 191370 158928 155201 164913 89943 187089 66927 9704 86212 189261 175815 28308 105572 141599 80631 188039 105942 3551 87300 20119 153421 125829 114325 33006 80051 15296 129750 149257 71834 10045 46628 43411 147366 175717 89202 77927 196848 84776 112368 118415 98481 149312 118820 147002 142744 39122 38325 67876 37980 11058 83842
200
13207 85424 23604 83176 82333 79242 60134 68564 111838 25290 47 304 84 296 293 282 214 244 398 90 423 2736 756 2664 2637 2538 1926 2196 3582 810 9588 62016 17136 60384 59772 57528 43656 49776 81192 18360 17249 111568 30828 108632 107531 103494 78538 89548 146066 33030 7802 50464 13944 49136 48638 46812 35524 40504 66068 14940 0 0 0 0 0 0 0 0 0 0 15181 98192 27132 95608 94639 91086 69122 78812 128554 29070 7285 47120 13020 45880 45415 43710 33170 37820 61690 13950 17437 112784 31164 109816 108703 104622 79394 90524 147658 33390 281 1 9 204 367 166 0 323 155 371 47 304 84 296 293 282 214 244 398 90 43879 83749 142372 126536 106789 47249 159163 166086 60219 30920 118217 13185 151365 152407 48123 28700 115321 111755 97075 177067 54256 72304 188480 90124 48147 10540 186642 103488 137189 152886 191202 85730 62738 15245 123989 27648 85747 93247 133869 78620 167418 163425 188081 26096 84167 45844 70033 78917 18028 33971 114793 134050 38456 102909 78047 24208 89261 40805 35448 39474 11882 66229 18169 60613 23591 78247 187122 43553 54118 155039 102025 169163 81461 82835 152890 11042 77729 156426 120038 72269
200
11821 48577 107331 126407 145240 186643 61694 83955 152907 86704 161876 106083 140512 95 80488 29758 148426 136292 35510 155083 57250 3199 73997 8272 150915 160372 157773 35321 161012 170669 43667 63698 175292 141668 43202 118780 100046 117926 195649 4543 99198 9363 172122 73802 4554 60437 112388 117029 46200 5080 136602 28883 159816 41029 14825 38455 141565 84795 39780 165240 102352 45203 191681 150873 147923 192663 181427 32439 43866 73013 59312 107157 142825 3112 36768 68043 94505 157612 182367 144469 111676 20146 49567 99100 163682 188202 12198 58574 36594 61842 77774 15078 181739 171264 13245 181598 147261 189137 8873 172092 80459 191954 61323 101376 67303 150361 56002 99975 23947 66188 17757 97906 155604 181086 18971 58239 192588 72367 43373 154413 161540 112094 42369 70654 115081 191252 20082 85802 16097 69174 162460 9278 26336 86268 183593 175232 175402 7903 66228 75694 15589 144718 2424 53596 1916 84659 174743 193991 151895 120993 36000 152264 69972 96031 23236 5996 57528 11982 140235 187121 167032 71777 76849 100128 10835 47336 27909 159803 153608 134374 63187 183206 101434 30359 142809 199056 134226 26133 121629 22781 73074 142701 116004 1524 3488 108111 44606 102153 117615 41136 10952 31164 115184 32319 20613 42265 40112 89206 155106 16721
200
137922 106878 167031 103464 156248 176224 20680 17426 180922 156725 105874 176894 47457 66733 196337 131156 112447 149227 150901 148138 106705 191860 123596 199986 25896 94085 42545 175477 69225 50724 60856 193319 67392 97250 171328 134133 74490 175115 178912 124455 692 106180 49513 109353 80107 74524 36733 180492 57243 149721 113533 79896 168197 18834 180444 48359 23355 108966 23155 22951 37112 78401 102190 100649 147577 181529 89024 158340 10549 14218 77983 189347 1328 35680 160987 122562 110776 184251 182292 182041 141569 103518 163817 133040 17967 117753 96007 120538 66983 145524 191561 82142 27601 105276 16615 86111 96006 14165 128891 157992 185418 5864 170927 98942 77394 48259 120911 13916 11006 98208 86804 113434 103330 119292 132802 26574 160506 25722 145900 121704 99774 129010 7336 14600 43598 71282 135034 141460 85357 143217 156774 122052 31989 123841 56570 141096 72988 59017 129902 43752 88162 26337 100770 17327 87695 81605 140347 166866 76851 198828 196725 149529 108387 95001 61009 130029 52514 135159 17603 78084 141052 89709 117763 100835 18433 133414 195978 23522 159967 166487 32933 132190 166806 149252 90109 165021 58519 107071 48125 560 196703 50132 105332 22394 119775 79993 194190 177896 198862 69722 72938 143396 173975 50717 173542 53107 101163 57782 104867 3113
200
0 0 0 0 0 0 0 0 0 0 0 0 0 0 0 0 0 0 0 0 0 0 0 0 0 0 0 0 0 0 0 0 0 0 0 0 0 0 0 0 0 0 0 0 0 0 0 0 0 0 0 0 0 0 0 0 0 0 0 0 0 0 0 0 0 0 0 0 0 0 0 0 0 0 0 0 0 0 0 0 0 0 0 0 0 0 0 0 0 0 0 0 0 0 0 0 0 0 0 0 0 0 0 0 0 0 0 0 0 0 0 0 0 0 0 0 0 0 0 0 0 0 0 0 0 0 0 0 0 0 0 0 0 0 0 0 0 0 0 0 0 0 0 0 0 0 0 0 0 0 0 0 0 0 0 0 0 0 0 0 0 0 0 0 0 0 0 0 0 0 0 0 0 0 0 0 0 0 0 0 0 0 0 0 0 0 0 0 0 0 0 0 0 0 0 0 0 0 0 0
200
0 0 0 0 0 0 0 0 0 0 0 0 0 0 0 0 0 0 0 0 0 0 0 0 0 0 0 0 0 0 0 0 0 0 0 0 0 0 0 0 0 0 0 0 0 0 0 0 0 0 0 0 0 0 0 0 0 0 0 0 0 0 0 0 0 0 0 0 0 0 0 0 0 0 0 0 0 0 0 0 0 0 0 0 0 0 0 0 0 0 0 0 0 0 0 0 0 0 0 0 164805 141991 134950 57347 56358 163875 133147 172946 188702 118776 167670 181494 11428 176034 35113 165087 24518 121322 185079 87190 165353 28560 2316 169093 67136 122591 155819 7112 148320 159352 142820 84924 121417 81333 158263 168362 50241 172172 74779 97791 100349 57020 50984 170276 77322 82268 175928 105437 32061 9865 40680 28571 41699 117000 99930 90038 118952 147753 180607 146822 176632 128435 112231 72636 13985 53144 58576 118589 112618 8813 146900 113512 183081 56734 151622 109854 111884 195627 20028 64194 107232 111498 190263 118218 133182 131363 57388 177373 13174 167582 135120 33944 190560 13782 165306 115588 82738 137791 65145 73670
