30
6
5 2 4 6 3 1
6
2 4 8 16 32 64
3
1 1 1
3
200000 200000 200000
200
0 1 0 0 1 1 0 1 1 0 1 1 1 0 0 1 1 1 1 1 0 0 0 1 0 0 1 1 1 1 0 1 1 1 0 0 0 1 1 0 0 1 1 0 1 0 1 0 0 1 0 1 1 1 0 0 0 0 1 1 1 1 0 1 0 0 1 1 0 0 0 1 1 1 1 1 0 0 1 1 1 1 0 0 1 1 0 1 0 1 1 1 0 0 1 1 1 0 0 0 0 0 1 0 0 1 0 1 0 0 1 1 1 1 0 0 1 0 0 0 1 1 1 0 1 0 1 0 1 0 0 1 1 1 0 0 1 0 1 1 1 0 0 0 1 1 1 0 0 1 1 1 1 0 0 0 1 1 1 0 0 0 0 0 1 1 0 1 1 1 0 1 1 1 1 1 0 1 0 0 0 1 0 1 0 1 1 1 1 0 0 1 0 1 1 0 1 0 1 0
3
65537 65537 131073
200
0 0 0 0 0 0 0 0 0 0 0 0 0 0 0 0 0 0 0 0 0 0 0 0 0 0 0 0 0 0 0 0 0 0 0 0 0 0 0 0 0 0 0 0 0 0 0 0 0 0 0 0 0 0 0 0 0 0 0 0 0 0 0 0 0 0 0 0 0 0 0 0 0 0 0 0 0 0 0 0 0 0 0 0 0 0 0 0 0 0 0 0 0 0 0 0 0 0 0 0 63902 27025 64819 94019 29691 122655 125469 39678 150885 124316 21182 102686 101407 163932 152382 101660 44378 195106 190027 104596 137872 112274 144598 87073 119360 20991 43926 43082 60447 81000 32078 199676 85760 134884 64942 199899 98568 180462 161440 143235 66243 181964 44345 179138 159304 192267 20674 142789 146083 120733 22560 47241 150745 6733 136191 6620 82747 47952 164166 126389 193802 183201 44175 86441 189065 37433 132397 122680 186284 189077 83902 31720 125335 22675 177355 164008 67642 29839 143765 69874 52027 169209 190153 188527 24045 174113 152866 141188 69500 56259 184214 63478 56497 194529 166247 144434 168521 157704 69435 153141
200
125022 25123 20126 51733 45226 191024 196316 137520 8210 130209 60243 171663 85548 49670 110818 104980 46536 119662 179943 197711 183711 72333 27127 87010 197238 176316 189637 10218 101475 45105 33700 25820 58212 140291 162794 146235 126698 3915 187371 1282 187190 168174 40518 44266 46738 188531 14729 59006 164398 123773 60302 29587 94496 194789 56680 27129 125153 159885 96260 11252 113792 74855 178807 13273 155918 107102 4774 124608 75339 46046 132103 106722 163205 75765 184034 197109 39402 55460 111425 164849 36919 132697 141829 186300 150618 18230 85959 152524 163294 114913 123693 107763 112343 164552 61179 131378 48403 70921 114749 91895 94467 175997 125573 155953 128581 159997 64888 66853 72468 102347 91714 196731 58871 141535 199001 107124 1482 26537 155697 19901 144879 33350 112309 154640 155671 89808 179357 192350 42564 92415 12755 140783 182325 43456 1412 141581 85114 156421 154727 6521 27193 107655 111354 112909 186239 74509 30008 81482 18596 180563 176545 4905 148261 120886 179696 36303 71258 29117 125673 109492 141650 27352 3589 145125 39214 122776 105275 44555 10147 186886 9337 127938 187860 113726 191176 145148 67418 78849 54294 187473 165300 165426 51778 175585 45657 199414 49270 56162 3412 142229 199719 183239 81011 178640 189867 118105 193602 35678 141462 34445
200
22330 1001 1463 31416 20251 33495 20251 27335 14938 18403 5390 12936 2926 63510 2847 4161 89352 57597 95265 57597 77745 42486 52341 15330 36792 8322 38860 1742 2546 54672 35242 58290 35242 47570 25996 32026 9380 22512 5092 116870 5239 7657 164424 105989 175305 105989 143065 78182 96317 28210 67704 15314 122670 5499 8037 172584 111249 184005 111249 150165 82062 101097 29610 71064 16074 99470 4459 6517 139944 90209 149205 90209 121765 66542 81977 24010 57624 13034 39440 1768 2584 55488 35768 59160 35768 48280 26384 32504 9520 22848 5168 13050 585 855 18360 11835 19575 11835 15975 8730 10755 3150 7560 1710 73080 3276 4788 102816 66276 109620 66276 89460 48888 60228 17640 42336 9576 102370 4589 6707 144024 92839 153555 92839 125315 68482 84367 24710 59304 13414 76560 3432 5016 107712 69432 114840 69432 93720 51216 63096 18480 44352 10032 109910 4927 7201 154632 99677 164865 99677 134545 73526 90581 26530 63672 14402 59740 2678 3914 84048 54178 89610 54178 73130 39964 49234 14420 34608 7828 77 219 134 403 423 343 136 45 252 353 264 379 206 290 13 19 408 263 435 263 355 194 239 70 168 38 85403 94528 193164 36164 51800
200
4944 2280 4920 516 984 2328 3324 35020 16150 34850 3655 6970 16490 23545 39964 18430 39770 4171 7954 18818 26869 139256 64220 138580 14534 27716 65572 93626 68392 31540 68060 7138 13612 32204 45982 42436 19570 42230 4429 8446 19982 28531 129368 59660 128740 13502 25748 60916 86978 12 85 97 338 166 103 314 412 190 410 43 82 194 277 3053 43136 85282 17636 149040 90639 103072 35160 29637 85234 109209 97715 24970 138767 177474 17454 43393 196968 132460 102599 57816 134045 53943 54556 130520 150656 106810 163546 13021 81954 98112 164721 34751 124578 28447 39865 124879 56644 126744 154381 158843 28604 99259 66913 83492 36642 94949 29113 54226 120116 6030 131825 170742 157849 147907 157345 81988 149412 69762 118963 93874 47128 16239 172212 194705 193704 25587 88384 28456 9814 59880 150527 172229 103874 65959 158872 99310 77908 154184 118906 108419 147255 39895 50272 132323 65302 28535 118330 52319 44502 67609 194597 25064 18646 92524 68348 167575 175811 187282 52598 162857 198554 101328 163575 183203 163311 157844 73635 74521 126957 6205 5288 198289 20538 42407 161536 36481 109215 47905 79179 87645 144757 181149 189095 163959 12510 150133 90242 107168 162938 111674 162381 193190 140548 170957 141646 126611
200
1 1 1 1 1 1 1 1 1 1 1 1 1 1 1 1 1 1 1 1 1 1 1 1 1 1 1 1 1 1 1 1 1 1 1 1 1 1 1 1 1 1 1 1 1 1 1 1 1 1 1 1 1 1 1 1 1 1 1 1 1 1 1 1 1 1 1 1 1 1 1 1 1 1 1 1 1 1 1 1 1 1 1 1 1 1 1 1 1 1 1 1 1 1 1 1 1 1 1 1 1 1 1 1 1 1 1 1 1 1 1 1 1 1 1 1 1 1 1 1 1 1 1 1 1 1 1 1 1 1 1 1 1 1 1 1 1 1 1 1 1 1 1 1 1 1 1 1 1 1 1 1 1 1 1 1 1 1 1 1 1 1 1 1 1 1 1 1 1 1 1 1 1 1 1 1 1 1 1 1 1 1 1 1 1 1 1 1 1 1 1 1 1 1 1 1 1 1 1 1
200
175171 199629 102419 11236 83554 88954 18257 159029 40835 175108 56249 157077 71290 86904 77599 163700 110438 54103 110053 28516 145485 29671 109878 18659 35908 187750 5285 35057 198158 191233 181594 64112 106417 19684 54135 77796 68350 64473 71991 123683 27656 133911 94161 5274 141182 99090 35728 87102 136774 63844 128190 124248 28947 77943 84679 149281 146046 129441 172814 3417 152109 176297 76543 78023 20578 33243 61562 109626 52390 175580 55231 166740 185651 108102 89783 92272 36416 120037 70656 175827 195849 173005 75112 62321 70232 179076 4233 92763 143411 142915 194516 175614 13159 101319 69930 93736 115980 194806 152009 173536 162056 134932 132092 92490 143404 100641 121886 182743 41010 127027 23415 152707 122832 64419 163076 139410 160988 32163 126640 78030 89071 75385 181128 143123 118248 144081 35352 18696 8311 76394 81209 84817 118981 191159 35311 134383 20993 113431 11896 36962 154526 165305 110915 44306 85898 106793 56280 32740 17860 104863 115926 36233 128044 25154 173781 117353 60072 61793 187061 167100 67951 99845 154490 30509 62745 19268 72301 8621 127555 41714 174291 11808 5943 133261 53556 72172 48726 127549 124886 18598 3809 166142 34001 128209 116722 15603 66136 159622 174298 7427 185174 138560 80059 166605 180002 193565 58961 13635 82869 27211
200
10219 28144 97641 168784 21034 123653 1391 98051 133974 193958 31349 129258 192704 96087 167830 81255 113936 105198 175192 69742 158539 86323 79745 30855 99568 133294 144339 122082 89886 19157 5287 162975 148763 576 73630 23132 88207 16925 80783 10788 1449 138445 45810 150801 110402 30770 13583 9515 13768 62727 121554 77161 185885 43467 110844 161196 148746 176286 158148 178472 26035 48322 118362 53777 136085 50271 85605 113879 97156 195593 48835 149662 9326 84634 119223 92127 38714 69924 190045 106216 110298 82104 144124 10796 145828 73295 55514 102931 56924 192045 194270 188120 94183 102450 138533 69205 188703 73545 111369 22665 26559 83649 88212 109600 117356 127587 129739 157171 118729 903 63986 76379 124852 22795 196911 26677 131068 603 180286 193525 109464 117886 147028 31574 20303 33977 12437 16947 6996 32657 52014 109778 144565 158423 125378 179043 43588 33706 40225 108950 134008 135983 61497 115453 142505 186237 110781 170759 141353 156612 118134 14574 29556 1887 146651 87776 46409 101422 91810 92456 76744 20489 178772 84292 60277 140933 183653 160631 130380 89531 76260 171138 164116 77051 136035 41633 152900 118266 198484 115857 45455 166518 141613 30029 132061 112510 119274 98167 50425 172580 30031 58920 165291 120939 63571 96879 115488 80529 139423 71170
200
194845 24663 19804 145713 168464 28139 95869 173066 115847 146960 128560 95023 167334 95546 140316 109026 32098 46185 133883 62231 85563 136055 108553 47425 191322 141790 37696 34283 106433 107247 157941 161274 187109 182627 131209 165480 103374 32789 92901 153775 102207 144710 100785 130701 39074 131862 58762 179472 159885 20117 156414 140417 58678 86570 126370 163124 85810 37191 109601 80058 125911 20177 159345 167819 186881 111197 10274 140094 150568 1895 19791 20378 158207 29005 1695 150998 126097 18976 83029 22210 150889 115981 6595 170210 152768 77721 29865 138124 59882 59109 105649 57139 47606 128659 59158 1069 14343 142324 83558 105778 131501 71840 186053 4820 188252 139843 46431 197014 52167 25963 139935 13867 198545 59607 132806 56321 52931 91554 73918 139014 114263 13314 111726 181417 79571 31988 117955 114861 110161 198871 67555 102009 76133 50102 105039 124384 94753 65310 77718 195036 82024 169017 117905 169117 126649 66076 127876 141586 98447 41944 120777 102164 15695 138138 115716 174446 194751 66550 23804 68086 85717 50037 96395 124167 197572 67022 22434 60241 173394 56432 195505 115327 87912 120562 49614 95376 160288 29406 39998 21632 196582 196420 30714 60559 134944 13299 48830 194608 7727 84685 67237 192691 74007 30988 14002 17471 162475 191669 61157 84062
200
65537 65537 131073 65537 131073 131073 131073 65537 131073 65537 131073 65537 65537 65537 131073 65537 131073 65537 65537 65537 65537 131073 65537 131073 65537 131073 131073 65537 131073 65537 65537 65537 131073 131073 65537 131073 131073 65537 131073 131073 131073 65537 65537 65537 131073 131073 131073 65537 131073 65537 131073 65537 131073 131073 131073 65537 131073 65537 131073 131073 131073 131073 65537 131073 131073 131073 131073 131073 131073 131073 131073 131073 65537 131073 131073 65537 65537 65537 131073 131073 131073 131073 65537 65537 65537 131073 65537 131073 65537 65537 65537 65537 131073 131073 65537 131073 131073 131073 131073 131073 65537 65537 65537 65537 65537 131073 65537 65537 65537 131073 65537 131073 131073 131073 131073 65537 65537 65537 65537 131073 131073 65537 131073 65537 65537 131073 131073 65537 131073 65537 65537 65537 131073 131073 65537 65537 65537 131073 65537 65537 131073 65537 131073 65537 65537 131073 131073 65537 65537 65537 131073 65537 131073 65537 131073 131073 65537 65537 131073 131073 131073 131073 65537 65537 131073 131073 131073 65537 65537 65537 65537 65537 131073 65537 131073 131073 131073 65537 131073 65537 131073 65537 131073 65537 65537 131073 131073 65537 65537 65537 131073 131073 131073 131073 65537 131073 65537 131073 131073 131073
200
167939 157898 43738 6545 62245 87534 153747 26836 91580 1765 37466 186179 163655 59042 171510 116520 28305 67195 126912 166870 161211 1832 170525 125752 36141 150146 130125 173644 117371 188625 194260 195398 53187 70693 78453 107762 12540 88690 34356 190529 46761 22514 196939 104884 44878 168827 90217 180406 146573 143518 107393 93218 99526 186432 92619 164148 7113 164154 151419 51880 6958 163516 186812 145807 2081 9561 138278 172431 146179 182790 165032 195736 122909 59300 145245 155915 176905 88527 4237 3935 178831 191654 195654 60942 72035 125771 1481 42689 197881 24240 50506 194398 15514 139094 66101 147254 58187 3480 103552 151494 167797 105698 199768 95512 196349 172492 94845 96470 155049 165021 122979 117277 129990 69697 19270 122580 31110 152230 33705 95986 154172 186297 171788 73854 172344 98878 13829 69577 88708 96390 165462 166983 48452 25067 104612 68916 21174 124560 8274 6773 139712 18267 33505 11330 67570 170447 52342 40806 128248 27808 57099 114729 9055 154696 119599 29948 192719 52096 16784 92175 66777 147386 188909 148295 110969 80959 84431 174401 123189 147153 94992 21640 198984 131823 12221 133929 190862 68254 87214 118746 103939 63666 174690 144782 172031 198338 75241 107889 71258 26812 107605 108426 160474 2341 175258 129846 10350 137088 185404 99562
200
111509 84614 59105 57060 191598 133741 107215 80436 90592 186609 172536 197612 61301 57167 29505 160640 144046 154208 171417 174478 11933 85595 120827 150669 10549 78155 30849 31385 108037 39506 68291 140916 4334 163676 153010 154034 117668 199439 10451 50108 44480 158280 97356 39649 99899 146806 196376 36183 132781 152341 175197 150759 190818 173194 95639 54489 9828 68848 118088 76241 2734 43537 18206 118318 7635 177603 53054 124077 56923 88318 148638 149415 60326 40869 142718 31511 162982 103599 37844 106117 2928 88854 40755 150925 157667 63984 144561 86185 63214 53972 20335 9811 185229 102122 101619 145085 104594 93013 96000 83535 57969 99289 121619 25470 33656 165501 30159 88229 37695 108265 67526 126499 31092 61179 67768 78372 157562 43732 102167 157731 101586 85203 102107 31052 71473 9709 141497 144360 17274 83909 137375 136559 186184 198945 136205 92058 127297 186228 85306 6936 94579 186245 110879 16121 86875 33975 136729 187041 35635 128164 18690 87804 173703 67805 195809 34661 53504 22917 177168 120489 22636 171350 100325 199339 28778 80492 31528 199832 160000 197965 154521 49095 49342 116920 161925 181838 179232 190024 123663 162163 41094 117399 165044 18770 121416 5931 82595 145064 154495 97408 26399 25074 79601 36297 118249 6133 41605 198423 197896 179867
200
131704 180588 49692 130492 61812 50096 139380 143016 45248 72316 19796 60636 83142 22878 60078 28458 23064 64170 65844 20832 33294 9114 140506 192657 53013 139213 65943 53444 148695 152574 48272 77149 21119 85738 117561 32349 84949 40239 32612 90735 93102 29456 47077 12887 97800 134100 36900 96900 45900 37200 103500 106200 33600 53700 14700 89976 123372 33948 89148 42228 34224 95220 97704 30912 49404 13524 126488 173436 47724 125324 59364 48112 133860 137352 43456 69452 19012 23798 32631 8979 23579 11169 9052 25185 25842 8176 13067 3577 120620 165390 45510 119510 56610 45880 127650 130980 41440 66230 18130 123554 169413 46617 122417 57987 46996 130755 134166 42448 67841 18571 105950 145275 39975 104975 49725 40300 112125 115050 36400 58175 15925 404 186 431 263 300 276 388 73 370 379 325 326 447 123 323 153 124 345 354 112 179 49 6580 189316 181583 127956 54677 54014 143761 113378 17686 197732 36594 36870 175496 181656 46787 31318 62767 172345 95887 185891 16633 142222 87212 86968 39007 90872 163542 19099 93284 96173 68040 125250 50797 52692 75424 169403 154276 197809 21562 84186 103630 178890 195577 74382 71275 75007 69167 111361 4081 183222 175340 45752 131746 165640 199837 197195 11503
200
3798 4176 6498 2232 7722 5022 1980 216 5346 126 90519 99528 154869 53196 184041 119691 47190 5148 127413 3003 40301 44312 68951 23684 81939 53289 21010 2292 56727 1337 20045 22040 34295 11780 40755 26505 10450 1140 28215 665 6330 6960 10830 3720 12870 8370 3300 360 8910 210 70263 77256 120213 41292 142857 92907 36630 3996 98901 2331 89253 98136 152703 52452 181467 118017 46530 5076 125631 2961 29118 32016 49818 17112 59202 38502 15180 1656 40986 966 69419 76328 118769 40796 141141 91791 36190 3948 97713 2303 41778 45936 71478 24552 84942 55242 21780 2376 58806 1386 18 429 191 95 30 333 423 138 329 198 211 232 361 124 429 279 110 12 297 7 65785 152851 61028 68645 94562 97839 167942 156330 153529 190082 121016 880 167180 58121 108364 113636 197519 19555 50331 119292 58010 94396 199624 79395 150196 65732 100884 121679 151231 91601 149543 15453 96968 33236 140149 142895 42266 103438 91217 43321 81527 114023 118470 435 62036 93117 70550 101258 113624 131958 25311 78048 154931 113978 71025 167752 143076 17150 11477 58321 156741 18754 135059 79995 175475 135388 56573 82796 29581 91602 36523 186711 43451 146643 106673 18765 185994 86846 20122 56977
200
25800 55000 84200 32600 12800 11600 21800 13800 6321 13475 20629 7987 3136 2842 5341 3381 16125 34375 52625 20375 8000 7250 13625 8625 33798 72050 110302 42706 16768 15196 28558 18078 34959 74525 114091 44173 17344 15718 29539 18699 34572 73700 112828 43684 17152 15544 29212 18492 36765 78375 119985 46455 18240 16530 31065 19665 37023 78925 120827 46781 18368 16646 31283 19803 200 49 125 262 271 268 285 287 129 275 421 163 64 58 109 69 146786 193339 24439 62641 38789 182419 165281 94315 15230 65678 49539 28997 22277 52793 21090 25811 53052 38998 188728 167221 63077 77514 133061 171227 167247 140476 31842 176779 59550 44235 153964 123099 3496 72550 69865 75248 180856 117922 22223 199805 102879 103195 46686 107812 86076 72547 193445 102521 113695 66858 163856 116553 165256 10868 144982 182625 144768 103271 130050 137618 147307 66378 74436 135090 35326 161901 87523 135791 89723 74369 10121 122544 158380 41913 127224 102714 109239 131817 114092 112247 173141 18224 41598 135317 139384 137748 8482 92131 55949 26763 90679 198126 50706 111874 88154 44709 75623 145115 66137 75941 157929 182921 3501 144080 67048 189760 183647 184537 139783 62761 144769 166314 37611 156025 66215 141984 52674 68224 81435 143985
200
106264 103033 81852 67492 151139 43439 45593 103392 12565 81852 134625 126009 66415 114552 111069 88236 72756 162927 46827 49149 111456 13545 88236 145125 135837 71595 123136 119392 94848 78208 175136 50336 52832 119808 14560 94848 156000 146016 76960 11248 10906 8664 7144 15998 4598 4826 10944 1330 8664 14250 13338 7030 10952 10619 8436 6956 15577 4477 4699 10656 1295 8436 13875 12987 6845 75776 73472 58368 48128 107776 30976 32512 73728 8960 58368 96000 89856 47360 126688 122836 97584 80464 180188 51788 54356 123264 14980 97584 160500 150228 79180 37888 36736 29184 24064 53888 15488 16256 36864 4480 29184 48000 44928 23680 52392 50799 40356 33276 74517 21417 22479 50976 6195 40356 66375 62127 32745 42032 40754 32376 26696 59782 17182 18034 40896 4970 32376 53250 49842 26270 29600 28700 22800 18800 42100 12100 12700 28800 3500 22800 37500 35100 18500 11840 11480 9120 7520 16840 4840 5080 11520 1400 9120 15000 14040 7400 105672 102459 81396 67116 150297 43197 45339 102816 12495 81396 133875 125307 66045 359 387 416 38 37 256 428 128 177 142 100 40 357 296 287 228 188 421 121 127 288 35 228 375 351 185 178915 101645 171693 69622 149874
200
119177 74541 151965 157091 188452 69359 127569 42835 46784 5378 82623 55821 46135 128272 13434 192135 117026 186427 9573 43139 193821 160916 172601 53129 157353 48470 83697 63910 100631 115031 141831 54757 37687 5261 138105 171029 41407 37946 119725 39611 125433 45176 34056 57627 165728 37874 15926 126497 108476 18465 75811 87874 33342 97898 54152 179139 10525 68788 51725 76336 70773 119441 160667 15334 146535 143723 198585 97088 102975 25222 174374 157103 22218 151304 4607 198212 162558 94601 14029 38420 111668 26497 94333 26197 108143 59112 162139 8072 136748 11153 199926 185778 6975 175187 154727 135837 80492 110409 146163 1141 161507 126080 70030 131935 178099 46722 41959 24194 142316 139496 35633 94096 147044 13069 102958 62852 155176 109016 33597 158914 80415 144464 184081 181993 32019 164456 168648 70585 116174 194140 112713 8121 48555 44056 163541 63072 83399 85170 69640 81686 2559 115246 56082 110664 173588 46932 10123 66179 122540 185581 194977 189938 43610 142791 162433 198190 64398 133975 54662 98390 73230 113435 63877 41123 46682 91433 63086 99514 22963 21916 183995 82660 64783 69667 163660 59605 40802 74803 140383 1939 26508 98857 86219 171383 186524 67062 101090 148041 12687 176145 43293 191533 140847 118492 224 132614 28333 123931 24867 13668
200
0 0 0 0 0 0 0 0 0 0 0 0 0 0 0 0 0 0 0 0 0 0 0 0 0 0 0 0 0 0 0 0 0 0 0 0 0 0 0 0 0 0 0 0 0 0 0 0 0 0 0 0 0 0 0 0 0 0 0 0 0 0 0 0 0 0 0 0 0 0 0 0 0 0 0 0 0 0 0 0 0 0 0 0 0 0 0 0 0 0 0 0 0 0 0 0 0 0 0 0 128590 64618 168944 58272 141715 151359 21698 44607 124605 32995 28937 143557 122971 20511 115667 106540 126492 33086 14625 141109 38354 146091 187698 10708 29472 58702 79863 104700 194619 190770 40153 114767 115558 33670 74568 58737 158300 143227 198600 198070 90623 112013 63279 83602 122523 77901 131768 4311 85243 42121 20547 97925 37707 196092 176675 67902 195523 89897 43276 25907 94120 89768 55916 42852 42435 78759 181756 126821 188530 129003 186032 70240 152042 125883 2010 116253 167424 93966 154226 2464 82856 89567 175957 116021 44680 50082 153013 75754 41105 91813 125677 119819 163687 15612 125440 180482 120245 151882 46997 115458
200
1 1 0 0 0 0 1 0 0 0 0 1 1 0 1 0 0 1 1 1 0 0 0 1 0 1 0 1 0 1 1 1 0 1 1 0 0 1 0 1 0 1 1 0 0 0 1 1 1 1 0 1 0 1 0 0 0 0 1 0 0 0 0 1 1 1 0 0 0 1 1 1 1 0 1 1 1 1 0 0 1 0 1 0 0 1 0 1 0 1 0 0 1 0 1 0 0 1 0 1 1 1 1 1 0 1 0 1 1 1 0 1 1 1 0 1 0 1 0 0 1 1 1 0 0 1 1 0 1 1 1 1 1 0 0 1 1 0 0 1 1 1 0 1 0 1 0 0 1 0 0 1 0 1 1 0 1 1 0 0 1 0 0 1 0 0 0 1 1 0 0 1 1 1 1 0 1 1 0 0 1 1 1 1 1 0 1 1 0 1 1 1 1 1 0 0 1 0 1 0
200
3192 45144 1824 17784 25992 10374 38532 40584 10416 147312 5952 58032 84816 33852 125736 132432 5124 72468 2928 28548 41724 16653 61854 65148 6524 92268 3728 36348 53124 21203 78754 82948 10584 149688 6048 58968 86184 34398 127764 134568 7952 112464 4544 44304 64752 25844 95992 101104 1232 17424 704 6864 10032 4004 14872 15664 4732 66924 2704 26364 38532 15379 57122 60164 114 372 183 233 378 284 44 169 28 396 16 156 228 91 338 356 20563 158679 15973 156669 165757 6151 9347 186973 148815 82768 153477 133091 184744 97242 35991 137082 114447 61909 100072 12349 44065 182501 46867 13985 25700 43155 54635 136439 118478 89822 114873 63299 111864 70168 42812 48264 131435 46249 59456 86348 151897 18628 113085 194101 102343 74928 87202 182203 86347 199850 68763 143134 82566 117145 153332 110436 165525 185136 195024 115461 156224 126644 46598 44087 101580 24803 14771 190981 7492 153875 184377 113386 177413 136311 188664 191504 63776 152757 146832 162700 148468 140329 110878 120625 102721 142638 135013 58899 87270 167710 30828 157437 149580 51252 119722 177247 47727 128638 196700 114636 127000 122151 192660 170367 143067 168671 162116 69036 8379 187293 156577 161824 37204 45619 29104 172853 157188 47671 76890 138600
200
23908 17372 21844 4730 16684 19264 37410 24252 13674 21844 21758 105362 76558 96266 20845 73526 84896 164865 106878 60261 96266 95887 98690 71710 90170 19525 68870 79520 154425 100110 56445 90170 89815 35584 25856 32512 7040 24832 28672 55680 36096 20352 32512 32384 83122 60398 75946 16445 58006 66976 130065 84318 47541 75946 75647 91462 66458 83566 18095 63826 73696 143115 92778 52311 83566 83237 28356 20604 25908 5610 19788 22848 44370 28764 16218 25908 25806 118984 86456 108712 23540 83032 95872 186180 120696 68052 108712 108284 16402 11918 14986 3245 11446 13216 25665 16638 9381 14986 14927 120374 87466 109982 23815 84002 96992 188355 122106 68847 109982 109549 113146 82214 103378 22385 78958 91168 177045 114774 64713 103378 102971 86 379 355 128 299 329 102 428 59 433 407 278 202 254 55 194 224 435 282 159 254 253 175855 54670 48029 155712 22592 29509 165795 19771 94369 46771 191329 65339 141171 176418 150163 131844 133399 118531 36337 173658 41394 25248 82968 89797 188232 74308 192631 119519 106124 128881 62138 40919 126121 96880 7239 8018 139395 497 8753 180367 134863 194810 156883 89652 198831 195595 4633 159213 114140 63278 75975 114538 123425 155057 64925 105237 41497
200
92540 196218 125464 96569 114854 29738 10876 49754 123037 101451 161345 67371 703 18347 183949 80463 71680 124925 20111 52287 171240 108538 70035 117452 23443 144443 189708 29617 39660 69530 114444 88437 52277 179827 108703 17724 86683 126606 80632 61088 26845 87855 39547 126219 174795 40223 185064 117187 72067 10970 85775 60513 80947 114229 51264 28682 127894 126465 150993 43835 171343 4684 161769 97485 146657 110302 142049 105100 180525 185069 169326 126647 15897 176074 72870 57987 123800 154159 82281 72901 116650 34902 27708 178943 62929 130507 141547 45374 109505 165492 50033 28725 142193 88699 79688 155541 159452 198142 138425 80920 189194 163126 23940 132657 173433 122969 42674 165038 67208 109887 119779 33361 63323 59445 124035 92 63671 47738 35897 187851 161797 146534 29020 131834 189557 131434 46004 65308 111250 182329 59658 99645 128565 140286 189216 117023 179235 192824 118342 115429 89837 155803 163767 10447 11621 101881 76047 169184 175091 109750 9235 102646 170649 1589 114755 36180 74476 68757 107669 64193 189853 4325 105499 124676 156359 173430 28815 187085 134169 182249 169706 93502 9605 8508 9268 181737 90790 107382 156168 42057 23046 111494 85362 144446 3224 16305 196613 115296 105188 38404 79161 3726 174906 171520 76264 15798 22091 188546 174502 134742
200
178278 8594 44919 175565 177289 13047 1908 19545 135938 85926 198055 63622 81870 28365 193538 34631 46607 197949 129142 141326 184449 63758 165740 86492 20310 24042 178805 113575 197655 129761 147949 30003 126287 80563 116306 11620 33751 142705 113269 15249 190508 133267 4943 69760 135735 131799 199845 141449 171559 6818 104999 62270 71616 182030 40233 180679 132217 101816 98687 159888 90689 134411 136094 178153 149130 155878 68995 185306 158957 118541 66199 85823 193505 198133 56413 18667 169643 29534 195358 56738 103287 106501 46655 74915 14926 196816 159591 5507 193896 1830 57601 79792 190572 24583 161152 54409 25679 61660 194007 130058 68244 77611 100642 71161 3008 104116 102635 1452 169138 176372 168679 68493 161152 197510 62236 186057 22585 79812 186399 22330 44605 21820 153229 190682 178627 52106 174932 124711 142849 126126 49671 174423 88456 94563 106399 74737 92449 30261 93846 28756 196951 77895 145264 54123 18101 54227 41104 152955 93125 103638 150218 111805 31217 118031 55423 106350 149066 54970 64847 164113 47028 131775 32862 107190 196809 107727 144042 88460 72779 158469 78064 153597 197419 110720 5554 169159 42582 41191 120464 166376 110293 188161 1479 93144 58838 192010 156074 181560 191516 7594 159462 139206 73219 163710 32150 118549 2678 7506 92061 195962
200
0 0 0 0 0 0 0 0 0 0 0 0 0 0 0 0 0 0 0 0 0 0 0 0 0 0 0 0 0 0 0 0 0 0 0 0 0 0 0 0 0 0 0 0 0 0 0 0 0 0 0 0 0 0 0 0 0 0 0 0 0 0 0 0 0 0 0 0 0 0 0 0 0 0 0 0 0 0 0 0 0 0 0 0 0 0 0 0 0 0 0 0 0 0 0 0 0 0 0 0 0 0 0 0 0 0 0 0 0 0 0 0 0 0 0 0 0 0 0 0 0 0 0 0 0 0 0 0 0 0 0 0 0 0 0 0 0 0 0 0 0 0 0 0 0 0 0 0 0 0 0 0 0 0 0 0 0 0 0 0 0 0 0 0 0 0 0 0 0 0 0 0 0 0 0 0 0 0 0 0 0 0 0 0 0 0 0 0 0 0 0 0 0 0 0 0 0 0 0 0
200
200000 200000 200000 200000 200000 200000 200000 200000 200000 200000 200000 200000 200000 200000 200000 200000 200000 200000 200000 200000 200000 200000 200000 200000 200000 200000 200000 200000 200000 200000 200000 200000 200000 200000 200000 200000 200000 200000 200000 200000 200000 200000 200000 200000 200000 200000 200000 200000 200000 200000 200000 200000 200000 200000 200000 200000 200000 200000 200000 200000 200000 200000 200000 200000 200000 200000 200000 200000 200000 200000 200000 200000 200000 200000 200000 200000 200000 200000 200000 200000 200000 200000 200000 200000 200000 200000 200000 200000 200000 200000 200000 200000 200000 200000 200000 200000 200000 200000 200000 200000 200000 200000 200000 200000 200000 200000 200000 200000 200000 200000 200000 200000 200000 200000 200000 200000 200000 200000 200000 200000 200000 200000 200000 200000 200000 200000 200000 200000 200000 200000 200000 200000 200000 200000 200000 200000 200000 200000 200000 200000 200000 200000 200000 200000 200000 200000 200000 200000 200000 200000 200000 200000 200000 200000 200000 200000 200000 200000 200000 200000 200000 200000 200000 200000 200000 200000 200000 200000 200000 200000 200000 200000 200000 200000 200000 200000 200000 200000 200000 200000 200000 200000 200000 200000 200000 200000 200000 200000 200000 200000 200000 200000 200000 200000 200000 200000 200000 200000 200000 200000
